4.18618E+03 0.00000E+00 
4.18696E+03 2.95945E-02 
4.18774E+03 5.14833E-03 
4.18852E+03 5.79861E-02 
4.18930E+03 8.92801E-02 
4.19008E+03 9.31835E-02 
4.19086E+03 6.80741E-03 
4.19164E+03 5.98734E-02 
4.19242E+03 3.94008E-02 
4.19320E+03 9.10187E-03 
4.19398E+03 2.69970E-02 
4.19476E+03 3.23609E-02 
4.19554E+03 1.10836E-01 
4.19633E+03 6.08164E-02 
4.19711E+03 -4.64068E-02 
4.19789E+03 7.69517E-02 
4.19867E+03 5.08323E-02 
4.19945E+03 1.05651E-01 
4.20023E+03 4.00315E-02 
4.20101E+03 -4.31815E-02 
4.20179E+03 7.21582E-02 
4.20257E+03 2.88412E-02 
4.20335E+03 1.42072E-01 
4.20413E+03 2.19778E-02 
4.20491E+03 8.77619E-02 
4.20569E+03 1.17198E-01 
4.20647E+03 2.59415E-02 
4.20725E+03 9.03247E-02 
4.20803E+03 1.14722E-01 
4.20881E+03 5.09782E-02 
4.20959E+03 6.80606E-02 
4.21037E+03 1.23401E-01 
4.21115E+03 8.56981E-03 
4.21193E+03 1.02153E-01 
4.21271E+03 8.14516E-02 
4.21349E+03 1.07260E-01 
4.21427E+03 6.86394E-02 
4.21506E+03 4.71258E-02 
4.21584E+03 8.25384E-02 
4.21662E+03 1.02521E-01 
4.21740E+03 5.68927E-02 
4.21818E+03 9.65313E-02 
4.21896E+03 1.05723E-01 
4.21974E+03 4.22638E-02 
4.22052E+03 6.32199E-02 
4.22130E+03 8.14342E-02 
4.22208E+03 1.02760E-01 
4.22286E+03 1.20648E-02 
4.22364E+03 1.11549E-01 
4.22442E+03 5.80635E-02 
4.22520E+03 4.05557E-02 
4.22598E+03 5.11537E-02 
4.22676E+03 5.92468E-02 
4.22754E+03 8.03423E-02 
4.22832E+03 5.37403E-02 
4.22910E+03 9.01351E-03 
4.22988E+03 1.18960E-01 
4.23066E+03 1.19530E-01 
4.23144E+03 1.89193E-03 
4.23222E+03 6.26573E-02 
4.23300E+03 -1.95632E-03 
4.23379E+03 1.13766E-01 
4.23457E+03 1.06181E-01 
4.23535E+03 9.32618E-02 
4.23613E+03 3.43940E-02 
4.23691E+03 5.86810E-02 
4.23769E+03 4.21794E-03 
4.23847E+03 2.08758E-02 
4.23925E+03 6.47203E-03 
4.24003E+03 -4.03097E-02 
4.24081E+03 9.15674E-02 
4.24159E+03 3.62187E-02 
4.24237E+03 9.35617E-02 
4.24315E+03 7.11460E-02 
4.24393E+03 3.02944E-02 
4.24471E+03 3.53424E-02 
4.24549E+03 6.63673E-02 
4.24627E+03 5.02356E-04 
4.24705E+03 7.48552E-02 
4.24783E+03 7.79049E-02 
4.24861E+03 -3.47188E-03 
4.24939E+03 -7.49382E-04 
4.25017E+03 8.92770E-04 
4.25095E+03 9.00765E-03 
4.25174E+03 8.74296E-02 
4.25252E+03 2.29821E-02 
4.25330E+03 8.92578E-02 
4.25408E+03 4.98731E-02 
4.25486E+03 9.03791E-02 
4.25564E+03 6.50381E-02 
4.25642E+03 2.55840E-02 
4.25720E+03 7.01049E-02 
4.25798E+03 3.33386E-02 
4.25876E+03 7.57599E-02 
4.25954E+03 4.76683E-02 
4.26032E+03 1.06193E-01 
4.26110E+03 1.36001E-01 
4.26188E+03 1.46163E-01 
4.26266E+03 -9.77157E-03 
4.26344E+03 3.69471E-02 
4.26422E+03 4.87331E-02 
4.26500E+03 8.78367E-02 
4.26578E+03 4.09788E-01 
4.26656E+03 3.43421E-01 
4.26734E+03 9.28827E-02 
4.26812E+03 1.05657E-01 
4.26890E+03 3.22036E-02 
4.26968E+03 3.35113E-03 
4.27047E+03 -2.45765E-03 
4.27125E+03 4.37284E-02 
4.27203E+03 3.26003E-02 
4.27281E+03 3.38751E-02 
4.27359E+03 6.14290E-02 
4.27437E+03 1.05763E-01 
4.27515E+03 6.63915E-02 
4.27593E+03 9.73497E-02 
4.27671E+03 1.25704E-01 
4.27749E+03 8.16669E-02 
4.27827E+03 5.18823E-02 
4.27905E+03 -1.98166E-02 
4.27983E+03 -5.16603E-03 
4.28061E+03 1.42649E-02 
4.28139E+03 -7.33896E-03 
4.28217E+03 7.71813E-02 
4.28295E+03 1.01233E-01 
4.28373E+03 1.02930E-01 
4.28451E+03 1.51803E-01 
4.28529E+03 1.09749E-01 
4.28607E+03 9.13236E-02 
4.28685E+03 4.00751E-02 
4.28763E+03 2.83483E-02 
4.28841E+03 -5.35288E-02 
4.28920E+03 4.61072E-02 
4.28998E+03 9.02369E-02 
4.29076E+03 1.02477E-01 
4.29154E+03 2.62399E-02 
4.29232E+03 6.83032E-02 
4.29310E+03 2.97839E-02 
4.29388E+03 1.81264E-02 
4.29466E+03 6.08796E-02 
4.29544E+03 1.07002E-01 
4.29622E+03 7.01540E-02 
4.29700E+03 1.71698E-02 
4.29778E+03 7.85285E-02 
4.29856E+03 9.42238E-02 
4.29934E+03 1.14491E-01 
4.30012E+03 1.13235E-01 
4.30090E+03 7.20365E-02 
4.30168E+03 9.84312E-02 
4.30246E+03 9.60386E-02 
4.30324E+03 4.87927E-02 
4.30402E+03 5.50894E-02 
4.30480E+03 -6.75084E-03 
4.30558E+03 1.12814E-01 
4.30636E+03 5.63036E-02 
4.30715E+03 5.93560E-02 
4.30793E+03 6.52846E-02 
4.30871E+03 6.93719E-02 
4.30949E+03 4.91405E-02 
4.31027E+03 6.80582E-02 
4.31105E+03 8.30788E-02 
4.31183E+03 1.10327E-01 
4.31261E+03 9.30230E-02 
4.31339E+03 5.86487E-02 
4.31417E+03 2.06028E-02 
4.31495E+03 5.03570E-02 
4.31573E+03 1.34358E-01 
4.31651E+03 1.16426E-01 
4.31729E+03 8.25859E-02 
4.31807E+03 2.55962E-02 
4.31885E+03 1.04031E-02 
4.31963E+03 7.91599E-02 
4.32041E+03 2.41763E-02 
4.32119E+03 2.18947E-02 
4.32197E+03 1.10209E-02 
4.32275E+03 -1.37464E-02 
4.32353E+03 -3.43336E-02 
4.32431E+03 5.96675E-02 
4.32509E+03 7.21665E-02 
4.32588E+03 1.07210E-01 
4.32666E+03 7.50671E-02 
4.32744E+03 1.05995E-01 
4.32822E+03 8.29078E-02 
4.32900E+03 1.54209E-01 
4.32978E+03 1.82549E-01 
4.33056E+03 9.09857E-02 
4.33134E+03 4.51341E-02 
4.33212E+03 7.94546E-02 
4.33290E+03 8.80767E-02 
4.33368E+03 9.63286E-02 
4.33446E+03 1.33741E-01 
4.33524E+03 1.34638E-01 
4.33602E+03 1.27165E-01 
4.33680E+03 6.39638E-02 
4.33758E+03 5.88908E-01 
4.33836E+03 6.18178E+00 
4.33914E+03 2.31250E+01 
4.33992E+03 2.26701E+01 
4.34070E+03 4.95907E+00 
4.34148E+03 3.25451E-01 
4.34226E+03 1.55247E-01 
4.34304E+03 1.92248E-01 
4.34382E+03 1.61581E-01 
4.34460E+03 1.32066E-01 
4.34539E+03 7.45786E-02 
4.34617E+03 1.19937E-01 
4.34695E+03 9.51406E-02 
4.34773E+03 1.03573E-01 
4.34851E+03 1.05838E-01 
4.34929E+03 1.53748E-01 
4.35007E+03 7.54399E-02 
4.35085E+03 5.90235E-02 
4.35163E+03 3.61100E-02 
4.35241E+03 3.58645E-02 
4.35319E+03 6.29220E-02 
4.35397E+03 1.73218E-01 
4.35475E+03 1.32781E-01 
4.35553E+03 1.27437E-01 
4.35631E+03 1.09126E-01 
4.35709E+03 1.17382E-01 
4.35787E+03 8.64481E-02 
4.35865E+03 7.11397E-02 
4.35943E+03 6.01841E-02 
4.36021E+03 8.04367E-02 
4.36099E+03 2.19961E-01 
4.36177E+03 8.75870E-01 
4.36255E+03 1.03740E+00 
4.36333E+03 3.15916E-01 
4.36412E+03 1.04788E-01 
4.36490E+03 -4.01917E-02 
4.36568E+03 6.78734E-02 
4.36646E+03 1.32908E-01 
4.36724E+03 8.82267E-02 
4.36802E+03 7.37637E-03 
4.36880E+03 -1.05344E-03 
4.36958E+03 2.78128E-02 
4.37036E+03 2.82034E-02 
4.37114E+03 8.31743E-02 
4.37192E+03 7.32784E-02 
4.37270E+03 2.13152E-02 
4.37348E+03 6.45817E-02 
4.37426E+03 2.09260E-02 
4.37504E+03 4.50103E-02 
4.37582E+03 6.28597E-02 
4.37660E+03 9.67948E-02 
4.37738E+03 7.64318E-02 
4.37816E+03 9.33866E-02 
4.37894E+03 2.06247E-02 
4.37972E+03 8.03984E-02 
4.38050E+03 6.57361E-02 
4.38128E+03 7.80697E-02 
4.38206E+03 6.05442E-02 
4.38285E+03 7.47370E-02 
4.38363E+03 2.67033E-02 
4.38441E+03 1.07690E-01 
4.38519E+03 1.25396E-01 
4.38597E+03 2.00495E-01 
4.38675E+03 4.36589E-01 
4.38753E+03 3.74634E-01 
4.38831E+03 1.41288E-01 
4.38909E+03 9.43705E-03 
4.38987E+03 2.26192E-04 
4.39065E+03 2.36867E-02 
4.39143E+03 9.43299E-02 
4.39221E+03 8.42170E-02 
4.39299E+03 9.21187E-02 
4.39377E+03 4.29448E-02 
4.39455E+03 6.13001E-02 
4.39533E+03 9.82045E-02 
4.39611E+03 1.27275E-01 
4.39689E+03 5.78158E-02 
4.39767E+03 7.55626E-02 
4.39845E+03 1.33126E-01 
4.39923E+03 3.95055E-02 
4.40001E+03 3.05526E-02 
4.40079E+03 3.91890E-02 
4.40158E+03 5.82015E-02 
4.40236E+03 2.63228E-02 
4.40314E+03 3.28308E-02 
4.40392E+03 1.12293E-01 
4.40470E+03 4.12360E-02 
4.40548E+03 4.20424E-02 
4.40626E+03 1.08683E-02 
4.40704E+03 1.16085E-02 
4.40782E+03 4.04436E-02 
4.40860E+03 -3.30080E-02 
4.40938E+03 6.38377E-02 
4.41016E+03 6.85380E-02 
4.41094E+03 7.50113E-02 
4.41172E+03 3.82341E-02 
4.41250E+03 -6.45349E-03 
4.41328E+03 7.57565E-02 
4.41406E+03 6.88762E-02 
4.41484E+03 4.76364E-02 
4.41562E+03 9.24515E-02 
4.41640E+03 6.96163E-02 
4.41718E+03 6.88244E-02 
4.41796E+03 1.01362E-01 
4.41874E+03 5.87749E-02 
4.41952E+03 1.09994E-01 
4.42031E+03 6.52496E-02 
4.42109E+03 8.04215E-02 
4.42187E+03 1.14728E-01 
4.42265E+03 7.48482E-02 
4.42343E+03 3.90485E-02 
4.42421E+03 3.81461E-02 
4.42499E+03 7.25619E-02 
4.42577E+03 1.13526E-01 
4.42655E+03 1.01209E-01 
4.42733E+03 6.76119E-02 
4.42811E+03 3.94012E-02 
4.42889E+03 -2.24542E-04 
4.42967E+03 3.52481E-02 
4.43045E+03 8.46562E-02 
4.43123E+03 5.35933E-02 
4.43201E+03 1.92082E-02 
4.43279E+03 6.99838E-02 
4.43357E+03 5.67537E-02 
4.43435E+03 -8.31958E-03 
4.43513E+03 8.49565E-02 
4.43591E+03 1.12667E-01 
4.43669E+03 1.61109E-01 
4.43747E+03 1.13327E-01 
4.43825E+03 1.24934E-01 
4.43904E+03 1.47898E-01 
4.43982E+03 7.81063E-02 
4.44060E+03 1.32159E-02 
4.44138E+03 5.19523E-02 
4.44216E+03 3.63684E-02 
4.44294E+03 4.81035E-02 
4.44372E+03 6.04782E-02 
4.44450E+03 6.06559E-04 
4.44528E+03 9.67800E-02 
4.44606E+03 5.44198E-02 
4.44684E+03 4.30128E-02 
4.44762E+03 2.91548E-04 
4.44840E+03 5.97155E-02 
4.44918E+03 8.42249E-02 
4.44996E+03 1.01021E-01 
4.45074E+03 9.88576E-02 
4.45152E+03 1.41773E-02 
4.45230E+03 2.98142E-03 
4.45308E+03 3.43413E-02 
4.45386E+03 2.45564E-02 
4.45464E+03 -5.32752E-02 
4.45542E+03 7.34073E-03 
4.45620E+03 9.21226E-02 
4.45698E+03 -5.00245E-03 
4.45777E+03 1.06707E-01 
4.45855E+03 7.70031E-02 
4.45933E+03 8.09321E-02 
4.46011E+03 5.24886E-02 
4.46089E+03 5.15831E-02 
4.46167E+03 8.19342E-02 
4.46245E+03 1.20625E-01 
4.46323E+03 1.49558E-02 
4.46401E+03 6.14148E-02 
4.46479E+03 7.81318E-02 
4.46557E+03 7.70136E-02 
4.46635E+03 2.38573E-02 
4.46713E+03 3.87397E-02 
4.46791E+03 1.03740E-01 
4.46869E+03 5.72266E-02 
4.46947E+03 1.03446E+00 
4.47025E+03 3.35991E+00 
4.47103E+03 2.66792E+00 
4.47181E+03 5.20239E-01 
4.47259E+03 1.45661E-01 
4.47337E+03 8.52522E-02 
4.47415E+03 2.75927E-02 
4.47493E+03 6.08001E-02 
4.47571E+03 2.85127E-02 
4.47650E+03 5.42928E-02 
4.47728E+03 8.89239E-02 
4.47806E+03 4.27355E-03 
4.47884E+03 1.06462E-01 
4.47962E+03 9.49776E-02 
4.48040E+03 5.04134E-02 
4.48118E+03 7.31467E-04 
4.48196E+03 1.08481E-01 
4.48274E+03 1.13171E-01 
4.48352E+03 1.46182E-01 
4.48430E+03 7.89132E-02 
4.48508E+03 8.85862E-02 
4.48586E+03 6.39074E-02 
4.48664E+03 1.02457E-01 
4.48742E+03 8.43334E-02 
4.48820E+03 1.33897E-01 
4.48898E+03 7.55540E-02 
4.48976E+03 3.60373E-02 
4.49054E+03 1.84114E-02 
4.49132E+03 7.73469E-02 
4.49210E+03 8.45762E-02 
4.49288E+03 7.83904E-02 
4.49366E+03 8.08312E-02 
4.49445E+03 2.16235E-02 
4.49523E+03 5.94617E-02 
4.49601E+03 4.32081E-02 
4.49679E+03 7.11415E-02 
4.49757E+03 1.12763E-01 
4.49835E+03 5.86698E-02 
4.49913E+03 3.70954E-02 
4.49991E+03 6.30179E-02 
4.50069E+03 3.58122E-02 
4.50147E+03 1.04540E-01 
4.50225E+03 8.96007E-02 
4.50303E+03 5.78280E-02 
4.50381E+03 9.84605E-02 
4.50459E+03 8.51628E-02 
4.50537E+03 8.46065E-02 
4.50615E+03 -6.63183E-02 
4.50693E+03 4.22176E-02 
4.50771E+03 9.49973E-02 
4.50849E+03 1.39460E-01 
4.50927E+03 1.07594E-01 
4.51005E+03 1.04287E-01 
4.51083E+03 5.40872E-02 
4.51161E+03 1.58022E-01 
4.51239E+03 5.90405E-02 
4.51318E+03 5.63541E-02 
4.51396E+03 9.59633E-02 
4.51474E+03 3.52879E-02 
4.51552E+03 1.69904E-02 
4.51630E+03 9.43690E-02 
4.51708E+03 1.80806E-02 
4.51786E+03 6.17628E-02 
4.51864E+03 1.13785E-01 
4.51942E+03 6.33506E-02 
4.52020E+03 8.66484E-02 
4.52098E+03 1.38820E-02 
4.52176E+03 -4.86786E-02 
4.52254E+03 5.30619E-02 
4.52332E+03 6.09074E-02 
4.52410E+03 3.89231E-02 
4.52488E+03 7.39248E-02 
4.52566E+03 6.59878E-02 
4.52644E+03 5.80475E-02 
4.52722E+03 5.70897E-02 
4.52800E+03 9.94650E-03 
4.52878E+03 -4.40625E-03 
4.52956E+03 8.45344E-02 
4.53034E+03 5.47970E-02 
4.53112E+03 1.35798E-02 
4.53191E+03 -2.36682E-02 
4.53269E+03 6.13547E-02 
4.53347E+03 9.57628E-02 
4.53425E+03 9.82742E-02 
4.53503E+03 4.68830E-02 
4.53581E+03 4.85307E-02 
4.53659E+03 3.07779E-02 
4.53737E+03 3.42539E-02 
4.53815E+03 3.95044E-02 
4.53893E+03 6.64046E-02 
4.53971E+03 5.27538E-02 
4.54049E+03 5.92891E-02 
4.54127E+03 3.38366E-02 
4.54205E+03 7.01814E-03 
4.54283E+03 4.69094E-02 
4.54361E+03 5.46627E-02 
4.54439E+03 -2.46603E-02 
4.54517E+03 3.62183E-02 
4.54595E+03 5.92074E-02 
4.54673E+03 -2.99877E-02 
4.54751E+03 2.32351E-02 
4.54829E+03 1.14528E-01 
4.54907E+03 2.70525E-02 
4.54985E+03 5.94500E-02 
4.55064E+03 7.07629E-02 
4.55142E+03 2.70416E-02 
4.55220E+03 8.66491E-02 
4.55298E+03 8.73539E-02 
4.55376E+03 1.62398E-02 
4.55454E+03 4.93819E-02 
4.55532E+03 8.56195E-02 
4.55610E+03 -1.07288E-02 
4.55688E+03 6.55707E-02 
4.55766E+03 1.09143E-03 
4.55844E+03 8.80261E-02 
4.55922E+03 3.78850E-02 
4.56000E+03 9.97762E-03 
4.56078E+03 3.48123E-02 
4.56156E+03 1.56922E-02 
4.56234E+03 4.99708E-02 
4.56312E+03 4.26627E-02 
4.56390E+03 4.86741E-02 
4.56468E+03 2.68510E-02 
4.56546E+03 1.51038E-02 
4.56624E+03 7.20861E-03 
4.56702E+03 5.36354E-02 
4.56780E+03 3.74991E-02 
4.56858E+03 8.21827E-02 
4.56937E+03 6.85471E-02 
4.57015E+03 1.18648E-01 
4.57093E+03 1.62702E-02 
4.57171E+03 8.98602E-02 
4.57249E+03 -1.34417E-02 
4.57327E+03 4.52905E-02 
4.57405E+03 7.72684E-02 
4.57483E+03 1.76933E-02 
4.57561E+03 5.35985E-02 
4.57639E+03 6.48581E-02 
4.57717E+03 4.81603E-02 
4.57795E+03 5.30556E-02 
4.57873E+03 6.48677E-02 
4.57951E+03 5.37859E-02 
4.58029E+03 2.33815E-02 
4.58107E+03 1.47533E-02 
4.58185E+03 3.64946E-02 
4.58263E+03 2.77992E-02 
4.58341E+03 7.80096E-02 
4.58419E+03 5.15818E-02 
4.58497E+03 6.79332E-02 
4.58575E+03 6.34305E-02 
4.58653E+03 6.58692E-02 
4.58731E+03 3.95973E-02 
4.58810E+03 5.74203E-02 
4.58888E+03 9.37939E-02 
4.58966E+03 7.34326E-02 
4.59044E+03 3.86159E-02 
4.59122E+03 2.08732E-03 
4.59200E+03 1.58892E-02 
4.59278E+03 1.70528E-02 
4.59356E+03 5.66397E-02 
4.59434E+03 8.17840E-02 
4.59512E+03 8.75765E-02 
4.59590E+03 2.59215E-02 
4.59668E+03 5.26790E-02 
4.59746E+03 6.46860E-02 
4.59824E+03 9.63823E-02 
4.59902E+03 6.46734E-02 
4.59980E+03 2.58232E-02 
4.60058E+03 1.18696E-01 
4.60136E+03 6.55408E-02 
4.60214E+03 6.13375E-02 
4.60292E+03 7.37156E-02 
4.60370E+03 6.72334E-02 
4.60448E+03 5.18086E-02 
4.60526E+03 3.53712E-02 
4.60604E+03 6.79803E-03 
4.60683E+03 3.09122E-02 
4.60761E+03 4.27299E-02 
4.60839E+03 2.26036E-02 
4.60917E+03 2.51287E-02 
4.60995E+03 4.75718E-02 
4.61073E+03 7.89262E-02 
4.61151E+03 6.29483E-02 
4.61229E+03 8.22570E-02 
4.61307E+03 -1.96921E-03 
4.61385E+03 5.99906E-02 
4.61463E+03 7.24053E-02 
4.61541E+03 8.34798E-02 
4.61619E+03 7.15026E-02 
4.61697E+03 8.44017E-02 
4.61775E+03 8.26150E-02 
4.61853E+03 1.00556E-01 
4.61931E+03 1.05951E-01 
4.62009E+03 8.07232E-02 
4.62087E+03 7.55613E-02 
4.62165E+03 8.61287E-02 
4.62243E+03 8.87415E-02 
4.62321E+03 5.90238E-02 
4.62399E+03 6.86837E-02 
4.62477E+03 5.25053E-02 
4.62556E+03 4.57146E-02 
4.62634E+03 5.03023E-02 
4.62712E+03 6.97486E-02 
4.62790E+03 1.15494E-01 
4.62868E+03 1.18567E-01 
4.62946E+03 6.60512E-02 
4.63024E+03 8.18373E-02 
4.63102E+03 1.00979E-01 
4.63180E+03 1.06747E-01 
4.63258E+03 1.88462E-01 
4.63336E+03 1.86469E-01 
4.63414E+03 1.08053E-01 
4.63492E+03 6.03040E-02 
4.63570E+03 5.21568E-02 
4.63648E+03 6.32252E-02 
4.63726E+03 8.57056E-02 
4.63804E+03 1.18156E-01 
4.63882E+03 2.32746E-01 
4.63960E+03 4.13538E-01 
4.64038E+03 4.43129E-01 
4.64116E+03 2.85935E-01 
4.64194E+03 1.49366E-01 
4.64272E+03 1.27647E-01 
4.64350E+03 1.32963E-01 
4.64429E+03 8.70070E-02 
4.64507E+03 1.00430E-01 
4.64585E+03 9.32757E-02 
4.64663E+03 1.29709E-01 
4.64741E+03 2.05569E-01 
4.64819E+03 2.32919E-01 
4.64897E+03 1.64750E-01 
4.64975E+03 6.18472E-02 
4.65053E+03 4.05931E-02 
4.65131E+03 6.52463E-02 
4.65209E+03 5.66422E-02 
4.65287E+03 7.68294E-02 
4.65365E+03 8.87021E-02 
4.65443E+03 3.89013E-02 
4.65521E+03 8.32702E-03 
4.65599E+03 7.78681E-02 
4.65677E+03 1.18976E-01 
4.65755E+03 1.15470E-01 
4.65833E+03 8.28586E-02 
4.65911E+03 6.34497E-02 
4.65989E+03 8.45030E-02 
4.66067E+03 6.83737E-02 
4.66145E+03 5.33312E-02 
4.66223E+03 1.00223E-01 
4.66302E+03 1.28539E-01 
4.66380E+03 8.78337E-02 
4.66458E+03 8.03602E-02 
4.66536E+03 2.11600E-02 
4.66614E+03 1.78413E-02 
4.66692E+03 3.06692E-02 
4.66770E+03 6.13801E-02 
4.66848E+03 2.60527E-02 
4.66926E+03 7.03580E-02 
4.67004E+03 7.32895E-02 
4.67082E+03 1.75532E-02 
4.67160E+03 4.83642E-03 
4.67238E+03 6.13484E-02 
4.67316E+03 4.92330E-02 
4.67394E+03 6.84157E-02 
4.67472E+03 8.09041E-02 
4.67550E+03 8.56875E-02 
4.67628E+03 6.49981E-02 
4.67706E+03 5.19153E-02 
4.67784E+03 9.43839E-02 
4.67862E+03 1.13427E-01 
4.67940E+03 7.53354E-02 
4.68018E+03 4.26481E-02 
4.68096E+03 7.47898E-02 
4.68175E+03 1.37998E-02 
4.68253E+03 4.93677E-02 
4.68331E+03 1.07150E-01 
4.68409E+03 6.09188E-02 
4.68487E+03 6.44657E-02 
4.68565E+03 4.57767E-02 
4.68643E+03 8.50711E-02 
4.68721E+03 5.25583E-02 
4.68799E+03 2.26066E-02 
4.68877E+03 7.29249E-02 
4.68955E+03 1.01437E-03 
4.69033E+03 2.62717E-02 
4.69111E+03 9.29952E-02 
4.69189E+03 7.46469E-02 
4.69267E+03 8.82428E-02 
4.69345E+03 6.26909E-02 
4.69423E+03 2.57041E-02 
4.69501E+03 3.34725E-02 
4.69579E+03 4.59425E-02 
4.69657E+03 7.26231E-02 
4.69735E+03 5.00506E-02 
4.69813E+03 3.79764E-02 
4.69891E+03 9.71851E-02 
4.69969E+03 1.41220E-01 
4.70048E+03 1.10798E-01 
4.70126E+03 6.27614E-02 
4.70204E+03 4.59632E-02 
4.70282E+03 4.85178E-02 
4.70360E+03 2.43656E-02 
4.70438E+03 6.67995E-02 
4.70516E+03 9.58206E-02 
4.70594E+03 6.23082E-02 
4.70672E+03 4.65255E-02 
4.70750E+03 5.49419E-02 
4.70828E+03 9.98377E-02 
4.70906E+03 9.34036E-02 
4.70984E+03 3.79893E-01 
4.71062E+03 4.37030E-01 
4.71140E+03 3.81332E-01 
4.71218E+03 4.14288E-01 
4.71296E+03 1.84203E-01 
4.71374E+03 6.24968E-02 
4.71452E+03 1.21845E-01 
4.71530E+03 7.55638E-02 
4.71608E+03 6.44328E-03 
4.71686E+03 2.84234E-02 
4.71764E+03 3.82558E-02 
4.71843E+03 -1.33327E-02 
4.71921E+03 2.70698E-02 
4.71999E+03 9.78025E-02 
4.72077E+03 2.60907E-02 
4.72155E+03 3.01825E-02 
4.72233E+03 7.18525E-03 
4.72311E+03 4.53752E-02 
4.72389E+03 9.23995E-02 
4.72467E+03 -9.08253E-03 
4.72545E+03 1.08869E-02 
4.72623E+03 1.64593E-02 
4.72701E+03 4.89108E-02 
4.72779E+03 9.45711E-02 
4.72857E+03 4.76846E-02 
4.72935E+03 4.33451E-02 
4.73013E+03 7.95614E-02 
4.73091E+03 6.30704E-02 
4.73169E+03 5.23708E-02 
4.73247E+03 6.98958E-02 
4.73325E+03 7.33687E-02 
4.73403E+03 3.40027E-02 
4.73481E+03 7.09644E-02 
4.73559E+03 1.07447E-01 
4.73637E+03 3.80889E-02 
4.73716E+03 1.25249E-01 
4.73794E+03 1.16792E-01 
4.73872E+03 4.52048E-01 
4.73950E+03 4.52605E-01 
4.74028E+03 2.16486E-01 
4.74106E+03 8.47916E-02 
4.74184E+03 3.83852E-02 
4.74262E+03 6.32617E-02 
4.74340E+03 3.25530E-02 
4.74418E+03 3.75885E-02 
4.74496E+03 5.41345E-02 
4.74574E+03 9.17591E-02 
4.74652E+03 5.88360E-02 
4.74730E+03 7.46263E-02 
4.74808E+03 2.70600E-02 
4.74886E+03 1.11011E-01 
4.74964E+03 1.30850E-01 
4.75042E+03 9.14075E-02 
4.75120E+03 5.33538E-02 
4.75198E+03 6.28329E-02 
4.75276E+03 7.09142E-02 
4.75354E+03 4.85846E-02 
4.75432E+03 -2.48624E-03 
4.75510E+03 7.85793E-02 
4.75589E+03 1.06513E-01 
4.75667E+03 6.32743E-02 
4.75745E+03 7.28797E-03 
4.75823E+03 9.91349E-02 
4.75901E+03 1.04581E-01 
4.75979E+03 6.98132E-02 
4.76057E+03 4.95474E-02 
4.76135E+03 5.14878E-02 
4.76213E+03 2.80326E-02 
4.76291E+03 7.59047E-02 
4.76369E+03 3.63855E-02 
4.76447E+03 5.95522E-02 
4.76525E+03 3.21785E-02 
4.76603E+03 1.59498E-02 
4.76681E+03 7.23283E-02 
4.76759E+03 1.29430E-01 
4.76837E+03 9.35207E-02 
4.76915E+03 5.81038E-02 
4.76993E+03 3.77858E-02 
4.77071E+03 7.33445E-02 
4.77149E+03 3.48187E-02 
4.77227E+03 4.61088E-02 
4.77305E+03 3.57086E-02 
4.77383E+03 -2.13515E-02 
4.77462E+03 9.70706E-02 
4.77540E+03 3.63545E-02 
4.77618E+03 6.01213E-02 
4.77696E+03 1.03045E-01 
4.77774E+03 3.89074E-02 
4.77852E+03 7.20274E-02 
4.77930E+03 1.42198E-01 
4.78008E+03 5.24753E-02 
4.78086E+03 8.60759E-02 
4.78164E+03 3.51843E-02 
4.78242E+03 6.88599E-02 
4.78320E+03 6.81582E-02 
4.78398E+03 9.50858E-02 
4.78476E+03 7.70467E-02 
4.78554E+03 9.70104E-02 
4.78632E+03 7.08213E-02 
4.78710E+03 9.61272E-02 
4.78788E+03 1.33340E-01 
4.78866E+03 1.00960E-01 
4.78944E+03 5.36867E-02 
4.79022E+03 1.06636E-01 
4.79100E+03 8.03591E-02 
4.79178E+03 5.94850E-02 
4.79256E+03 7.67133E-02 
4.79335E+03 4.53534E-02 
4.79413E+03 4.01496E-02 
4.79491E+03 1.04281E-01 
4.79569E+03 5.33867E-02 
4.79647E+03 2.70324E-02 
4.79725E+03 5.39156E-02 
4.79803E+03 9.59594E-02 
4.79881E+03 1.37475E-01 
4.79959E+03 8.71972E-02 
4.80037E+03 1.03138E-01 
4.80115E+03 1.03950E-01 
4.80193E+03 8.05857E-02 
4.80271E+03 6.51691E-02 
4.80349E+03 3.52521E-02 
4.80427E+03 7.36400E-02 
4.80505E+03 3.18486E-03 
4.80583E+03 5.31515E-02 
4.80661E+03 5.91837E-02 
4.80739E+03 -2.94470E-02 
4.80817E+03 1.04691E-03 
4.80895E+03 6.34496E-02 
4.80973E+03 9.96438E-02 
4.81051E+03 3.94415E-03 
4.81129E+03 3.98690E-02 
4.81208E+03 1.23375E-01 
4.81286E+03 1.01030E-01 
4.81364E+03 3.01929E-02 
4.81442E+03 5.32467E-02 
4.81520E+03 7.86831E-02 
4.81598E+03 6.20938E-02 
4.81676E+03 4.91916E-02 
4.81754E+03 1.13181E-01 
4.81832E+03 9.29411E-02 
4.81910E+03 1.04099E-02 
4.81988E+03 4.24643E-02 
4.82066E+03 2.59436E-02 
4.82144E+03 5.60406E-02 
4.82222E+03 8.87017E-02 
4.82300E+03 7.71275E-02 
4.82378E+03 3.70465E-02 
4.82456E+03 4.37614E-02 
4.82534E+03 5.37991E-02 
4.82612E+03 4.07485E-02 
4.82690E+03 4.23998E-02 
4.82768E+03 8.92118E-02 
4.82846E+03 6.34794E-02 
4.82924E+03 6.95996E-02 
4.83002E+03 9.43370E-02 
4.83081E+03 5.99074E-02 
4.83159E+03 3.24836E-02 
4.83237E+03 7.14631E-02 
4.83315E+03 6.60810E-02 
4.83393E+03 3.10072E-02 
4.83471E+03 5.55689E-02 
4.83549E+03 6.65133E-02 
4.83627E+03 2.30793E-02 
4.83705E+03 2.62302E-02 
4.83783E+03 2.62873E-02 
4.83861E+03 4.56182E-02 
4.83939E+03 3.93019E-02 
4.84017E+03 4.91853E-02 
4.84095E+03 3.13839E-02 
4.84173E+03 2.10115E-02 
4.84251E+03 9.36771E-02 
4.84329E+03 1.24462E-01 
4.84407E+03 8.00802E-02 
4.84485E+03 8.93795E-02 
4.84563E+03 6.95287E-02 
4.84641E+03 4.04548E-02 
4.84719E+03 5.35814E-02 
4.84797E+03 1.10173E-01 
4.84875E+03 6.72561E-02 
4.84954E+03 6.94949E-02 
4.85032E+03 8.43974E-02 
4.85110E+03 1.29993E-01 
4.85188E+03 1.12725E-01 
4.85266E+03 1.08226E-01 
4.85344E+03 1.04586E-01 
4.85422E+03 1.08698E-01 
4.85500E+03 1.01025E-01 
4.85578E+03 1.49614E-01 
4.85656E+03 1.80602E-01 
4.85734E+03 2.83323E-01 
4.85812E+03 1.26259E+00 
4.85890E+03 1.09535E+01 
4.85968E+03 4.01692E+01 
4.86046E+03 5.19453E+01 
4.86124E+03 2.15489E+01 
4.86202E+03 2.12530E+00 
4.86280E+03 3.22323E-01 
4.86358E+03 1.92867E-01 
4.86436E+03 1.88152E-01 
4.86514E+03 1.21789E-01 
4.86592E+03 1.18577E-01 
4.86670E+03 1.49226E-01 
4.86748E+03 1.19339E-01 
4.86827E+03 1.37331E-01 
4.86905E+03 1.85177E-01 
4.86983E+03 7.13449E-02 
4.87061E+03 1.02954E-01 
4.87139E+03 1.43138E-01 
4.87217E+03 9.85303E-02 
4.87295E+03 9.52596E-02 
4.87373E+03 1.01209E-01 
4.87451E+03 8.59712E-02 
4.87529E+03 9.77711E-02 
4.87607E+03 1.20380E-01 
4.87685E+03 1.17516E-01 
4.87763E+03 8.73965E-02 
4.87841E+03 7.80426E-02 
4.87919E+03 1.23620E-01 
4.87997E+03 1.17966E-01 
4.88075E+03 9.25572E-02 
4.88153E+03 6.49597E-02 
4.88231E+03 6.61717E-02 
4.88309E+03 1.10810E-01 
4.88387E+03 8.38879E-02 
4.88465E+03 3.80647E-02 
4.88543E+03 6.09387E-02 
4.88621E+03 3.75352E-02 
4.88700E+03 5.86177E-02 
4.88778E+03 6.17892E-02 
4.88856E+03 1.14381E-01 
4.88934E+03 8.44391E-02 
4.89012E+03 8.16221E-02 
4.89090E+03 6.41591E-02 
4.89168E+03 9.61574E-02 
4.89246E+03 8.22788E-02 
4.89324E+03 4.57015E-02 
4.89402E+03 -1.05426E-02 
4.89480E+03 -4.97374E-03 
4.89558E+03 -1.39858E-02 
4.89636E+03 4.08207E-02 
4.89714E+03 4.48048E-02 
4.89792E+03 7.36917E-02 
4.89870E+03 4.64738E-02 
4.89948E+03 9.67860E-02 
4.90026E+03 8.72646E-02 
4.90104E+03 1.02006E-01 
4.90182E+03 9.72392E-02 
4.90260E+03 1.24652E-01 
4.90338E+03 1.59918E-01 
4.90416E+03 8.34512E-02 
4.90494E+03 1.14783E-01 
4.90573E+03 8.45298E-02 
4.90651E+03 1.23039E-01 
4.90729E+03 4.36373E-02 
4.90807E+03 5.43186E-02 
4.90885E+03 1.30656E-01 
4.90963E+03 1.18293E-01 
4.91041E+03 1.90003E-01 
4.91119E+03 1.11207E-01 
4.91197E+03 1.48508E-01 
4.91275E+03 6.53615E-02 
4.91353E+03 9.65129E-02 
4.91431E+03 2.60457E-02 
4.91509E+03 1.28311E-01 
4.91587E+03 1.32811E-01 
4.91665E+03 1.01743E-01 
4.91743E+03 6.34296E-02 
4.91821E+03 1.44216E-01 
4.91899E+03 1.31456E-01 
4.91977E+03 4.65011E-01 
4.92055E+03 9.56749E-01 
4.92133E+03 7.77813E-01 
4.92211E+03 3.19452E-01 
4.92289E+03 1.92394E-01 
4.92367E+03 1.20934E-01 
4.92446E+03 1.76931E-01 
4.92524E+03 1.43381E-01 
4.92602E+03 1.17946E-01 
4.92680E+03 1.08830E-01 
4.92758E+03 1.58734E-01 
4.92836E+03 1.25332E-01 
4.92914E+03 9.54142E-02 
4.92992E+03 1.69154E-01 
4.93070E+03 1.81117E-01 
4.93148E+03 1.84966E-01 
4.93226E+03 5.23021E-02 
4.93304E+03 6.26674E-02 
4.93382E+03 1.51270E-01 
4.93460E+03 4.41510E-02 
4.93538E+03 3.24795E-02 
4.93616E+03 9.87568E-02 
4.93694E+03 1.57341E-01 
4.93772E+03 2.30179E-02 
4.93850E+03 7.60266E-02 
4.93928E+03 1.00852E-01 
4.94006E+03 1.34678E-01 
4.94084E+03 1.06583E-01 
4.94162E+03 9.51767E-02 
4.94241E+03 1.03074E-01 
4.94319E+03 1.14542E-01 
4.94397E+03 9.60457E-02 
4.94475E+03 9.88292E-02 
4.94553E+03 1.80584E-01 
4.94631E+03 2.05173E-01 
4.94709E+03 1.89078E-01 
4.94787E+03 1.37771E-01 
4.94865E+03 1.09204E-01 
4.94943E+03 1.13737E-01 
4.95021E+03 1.52030E-01 
4.95099E+03 1.74192E-01 
4.95177E+03 1.25750E-01 
4.95255E+03 1.53419E-01 
4.95333E+03 2.16376E-01 
4.95411E+03 3.61855E-01 
4.95489E+03 4.24233E-01 
4.95567E+03 2.19941E+00 
4.95645E+03 2.70757E+01 
4.95723E+03 8.86356E+01 
4.95801E+03 1.09184E+02 
4.95879E+03 5.43926E+01 
4.95957E+03 8.91315E+00 
4.96035E+03 8.43706E-01 
4.96114E+03 4.32325E-01 
4.96192E+03 3.80459E-01 
4.96270E+03 3.17462E-01 
4.96348E+03 2.83092E-01 
4.96426E+03 1.61697E-01 
4.96504E+03 1.55138E-01 
4.96582E+03 2.08977E-01 
4.96660E+03 1.06285E-01 
4.96738E+03 1.66517E-01 
4.96816E+03 2.10550E-01 
4.96894E+03 1.29872E-01 
4.96972E+03 1.28084E-01 
4.97050E+03 9.61934E-02 
4.97128E+03 3.32513E-02 
4.97206E+03 1.21867E-01 
4.97284E+03 1.54352E-01 
4.97362E+03 1.82388E-01 
4.97440E+03 1.52347E-01 
4.97518E+03 1.34946E-01 
4.97596E+03 1.77508E-01 
4.97674E+03 1.57261E-01 
4.97752E+03 1.32835E-01 
4.97830E+03 1.60420E-01 
4.97908E+03 1.33692E-01 
4.97987E+03 1.25412E-01 
4.98065E+03 8.95532E-02 
4.98143E+03 1.22124E-01 
4.98221E+03 1.26208E-01 
4.98299E+03 1.63979E-01 
4.98377E+03 1.44008E-01 
4.98455E+03 1.76449E-01 
4.98533E+03 2.07358E-01 
