4235.95 0.0178045
4240.69 0.0247786
4252.86 0.0212503
4266.09 0.325556
4272.14 0.00395015
4274.58 0.0358139
4275.78 0.0131095
4276.46 0.0143478
4281.58 0.00181021
4282.35 0.0111089
4284.3 0.0128775
4290.45 0.0153184
4293.74 0.0165635
4302.75 0.0414983
4316.16 0.0486637
4318.48 0.025216
4324.84 0.0157997
4339.47 22.3838
4344.14 0.0804987
4348.42 0.0707865
4362.17 0.884342
4365.87 0.0543678
4377.99 0.0321644
4386.9 0.363969
4390.99 0.0265141
4408.41 0.0232473
4412.19 0.0117403
4414.04 0.031417
4416.05 0.0422463
4427.53 0.0171945
4429.93 0.0161415
4431.6 0.0164564
4436.61 0.0463382
4439.84 0.0274237
4462.37 0.0408241
4464.71 0.0248904
4470.54 3.62475
4487.51 0.0121286
4490.3 0.0216561
4509.92 0.0191398
4529.27 0.0163945
4551.59 0.010922
4570.11 0.0245241
4590.00 0.033044
4595.46 0.0344786
4600.82 0.020962
4606.11 0.0175921
4608.59 0.0300113
4620.14 0.0147
4629.55 0.045076
4633.15 0.161559
4633.15 0.164919
4637.9 0.0869494
4639.77 0.334335
4641.01 0.149092
4648.16 0.233274
4649.81 0.0797565
4657.1 0.0969746
4660.66 0.092471
4672.72 0.0137699
4675.27 0.0609865
4700.48 0.0309757
4710.36 0.414056
4712.19 0.382671
4732.88 0.0179732
4739.16 0.464033
4753.85 0.0163539
4802 0.0223085
4814.31 0.0068249
4860.24 54.0286
4879.96 0.0512215
4905.69 0.029296
4920.81 0.857736
4922.94 0.0486754
4930.12 0.0434149
4957.81 113.572
