3.40000E+03 -6.81131E-01 
3.40075E+03 -1.08483E+00 
3.40150E+03 -7.42191E-02 
3.40225E+03 6.56273E+00 
3.40300E+03 1.02937E+00 
3.40375E+03 -5.00766E-02 
3.40450E+03 1.94803E+00 
3.40525E+03 -3.04635E-01 
3.40600E+03 1.94848E+00 
3.40675E+03 7.49243E-01 
3.40750E+03 -2.31711E+00 
3.40825E+03 -3.26373E-01 
3.40900E+03 -8.95646E-01 
3.40975E+03 -1.94714E+00 
3.41050E+03 8.21318E-01 
3.41125E+03 1.77674E+00 
3.41200E+03 1.02150E+00 
3.41275E+03 1.92308E+00 
3.41350E+03 1.87696E+00 
3.41425E+03 -2.71562E-01 
3.41500E+03 -2.76201E-01 
3.41575E+03 -8.05615E-01 
3.41650E+03 4.35389E-01 
3.41725E+03 -5.70715E-01 
3.41800E+03 -2.10061E-01 
3.41875E+03 4.97667E-01 
3.41950E+03 -7.12107E-01 
3.42025E+03 3.42385E-01 
3.42100E+03 2.21540E-01 
3.42175E+03 7.04808E-01 
3.42250E+03 7.21136E-01 
3.42325E+03 6.48580E-01 
3.42400E+03 -3.03735E-01 
3.42475E+03 7.98742E-01 
3.42550E+03 9.51316E-01 
3.42625E+03 1.21414E+00 
3.42700E+03 -3.24826E-01 
3.42775E+03 -7.39072E-01 
3.42850E+03 1.02831E-01 
3.42925E+03 -8.01426E-01 
3.43000E+03 2.62491E-01 
3.43075E+03 4.59961E-01 
3.43150E+03 2.72951E-01 
3.43225E+03 3.52670E-01 
3.43300E+03 2.06905E-01 
3.43375E+03 1.97917E-01 
3.43450E+03 1.11144E-01 
3.43525E+03 1.73949E-01 
3.43600E+03 -2.82281E-01 
3.43675E+03 -1.14094E-01 
3.43750E+03 2.93118E-01 
3.43825E+03 3.55665E-01 
3.43900E+03 -4.01194E-01 
3.43975E+03 4.23547E-02 
3.44050E+03 -9.91591E-02 
3.44125E+03 -5.07783E-01 
3.44200E+03 -8.69638E-03 
3.44275E+03 -2.79691E-01 
3.44350E+03 -8.07015E-02 
3.44425E+03 8.33897E-02 
3.44500E+03 2.86520E-01 
3.44575E+03 1.86426E-01 
3.44650E+03 1.60393E-01 
3.44725E+03 8.89026E-02 
3.44800E+03 3.35968E-03 
3.44875E+03 -6.71943E-02 
3.44950E+03 4.96942E-02 
3.45025E+03 4.79837E-01 
3.45100E+03 2.58226E-03 
3.45175E+03 -3.21623E-01 
3.45250E+03 -1.01662E-01 
3.45325E+03 1.48260E-01 
3.45400E+03 1.84950E-01 
3.45475E+03 -1.76000E-01 
3.45550E+03 -2.70484E-01 
3.45625E+03 -3.87338E-02 
3.45700E+03 8.96182E-02 
3.45775E+03 4.33875E-01 
3.45850E+03 3.84412E-01 
3.45925E+03 8.82884E-02 
3.46000E+03 -3.59337E-02 
3.46075E+03 2.01382E-01 
3.46150E+03 4.93079E-03 
3.46225E+03 1.97184E-02 
3.46300E+03 -1.50152E-01 
3.46375E+03 6.47803E-02 
3.46450E+03 -3.08061E-02 
3.46525E+03 1.01730E-01 
3.46600E+03 -8.05354E-02 
3.46675E+03 -2.03733E-01 
3.46750E+03 9.61216E-02 
3.46825E+03 8.95684E-02 
3.46900E+03 1.57847E-01 
3.46975E+03 1.09817E-01 
3.47050E+03 -4.78406E-02 
3.47125E+03 -1.03330E-01 
3.47200E+03 -2.33448E-01 
3.47275E+03 1.77662E-02 
3.47350E+03 -2.38144E-02 
3.47425E+03 -6.17062E-02 
3.47500E+03 1.70430E-01 
3.47575E+03 3.26273E-03 
3.47650E+03 -3.78826E-02 
3.47725E+03 3.02900E-03 
3.47800E+03 9.91723E-03 
3.47875E+03 -1.13852E-02 
3.47950E+03 2.45356E-02 
3.48025E+03 -8.42004E-02 
3.48100E+03 -8.31878E-02 
3.48175E+03 9.68040E-02 
3.48250E+03 6.04775E-02 
3.48325E+03 -5.08850E-02 
3.48400E+03 -1.79931E-01 
3.48475E+03 2.26841E-02 
3.48550E+03 9.52057E-02 
3.48625E+03 2.05183E-02 
3.48700E+03 -1.70272E-02 
3.48775E+03 -9.40332E-03 
3.48850E+03 -7.66229E-02 
3.48925E+03 -6.33381E-02 
3.49000E+03 5.86341E-02 
3.49075E+03 4.54554E-02 
3.49150E+03 1.25309E-01 
3.49225E+03 1.06576E-01 
3.49300E+03 -3.09677E-02 
3.49375E+03 -1.84095E-01 
3.49450E+03 -9.87372E-02 
3.49525E+03 -4.11974E-02 
3.49600E+03 1.81328E-01 
3.49675E+03 1.20486E-01 
3.49750E+03 2.26871E-01 
3.49825E+03 1.15221E-01 
3.49900E+03 2.63045E-02 
3.49975E+03 -1.44498E-01 
3.50050E+03 -2.89103E-02 
3.50125E+03 -1.33534E-01 
3.50200E+03 3.76209E-02 
3.50275E+03 -9.66008E-02 
3.50350E+03 -9.65692E-02 
3.50425E+03 -1.14420E-02 
3.50500E+03 2.78776E-02 
3.50575E+03 -1.15014E-01 
3.50650E+03 -9.91447E-02 
3.50725E+03 8.61524E-02 
3.50800E+03 8.66016E-02 
3.50875E+03 1.61420E-01 
3.50950E+03 1.31497E-01 
3.51025E+03 8.42996E-04 
3.51100E+03 5.03870E-02 
3.51175E+03 -5.40347E-03 
3.51250E+03 2.12397E-02 
3.51325E+03 1.65861E-01 
3.51400E+03 1.29984E-01 
3.51475E+03 7.53315E-02 
3.51550E+03 -4.13127E-03 
3.51625E+03 1.07190E-02 
3.51700E+03 -1.21726E-02 
3.51775E+03 -8.33369E-02 
3.51850E+03 3.01357E-02 
3.51925E+03 -3.22553E-02 
3.52000E+03 -2.15338E-02 
3.52075E+03 -7.92353E-02 
3.52150E+03 2.98501E-02 
3.52225E+03 -2.35576E-02 
3.52300E+03 -6.78145E-02 
3.52375E+03 -1.32519E-01 
3.52450E+03 -2.37722E-02 
3.52525E+03 1.25289E-01 
3.52600E+03 1.20058E-01 
3.52675E+03 1.27106E-01 
3.52750E+03 8.21774E-02 
3.52825E+03 6.32211E-02 
3.52900E+03 2.62786E-02 
3.52975E+03 9.82751E-02 
3.53050E+03 6.69393E-02 
3.53125E+03 9.78117E-02 
3.53200E+03 7.45646E-02 
3.53275E+03 2.55969E-02 
3.53350E+03 2.03836E-02 
3.53425E+03 -6.96376E-02 
3.53500E+03 4.64116E-02 
3.53575E+03 1.70733E-01 
3.53650E+03 2.04732E-02 
3.53725E+03 -1.10225E-02 
3.53800E+03 -7.18249E-02 
3.53875E+03 -6.40695E-02 
3.53950E+03 9.06761E-02 
3.54025E+03 3.15619E-03 
3.54100E+03 -3.31657E-02 
3.54175E+03 1.96505E-02 
3.54250E+03 -2.67801E-02 
3.54325E+03 -1.79700E-02 
3.54400E+03 -5.73071E-02 
3.54475E+03 -2.96597E-02 
3.54550E+03 1.50084E-04 
3.54625E+03 -4.86799E-03 
3.54700E+03 -2.71984E-02 
3.54775E+03 -2.50325E-03 
3.54850E+03 1.34328E-01 
3.54925E+03 7.43754E-03 
3.55000E+03 1.30289E-01 
3.55075E+03 1.72306E-02 
3.55150E+03 9.97395E-03 
3.55225E+03 -3.95202E-02 
3.55300E+03 3.37694E-02 
3.55375E+03 -7.10817E-02 
3.55450E+03 -1.35218E-01 
3.55525E+03 -7.77891E-02 
3.55600E+03 -7.41230E-02 
3.55675E+03 -2.57064E-02 
3.55750E+03 4.95081E-02 
3.55825E+03 8.64040E-02 
3.55900E+03 7.72323E-02 
3.55975E+03 2.97715E-02 
3.56050E+03 1.29285E-01 
3.56125E+03 -2.38105E-02 
3.56200E+03 1.32991E-02 
3.56275E+03 -3.60170E-02 
3.56350E+03 5.13217E-02 
3.56425E+03 1.04733E-01 
3.56500E+03 7.77119E-02 
3.56575E+03 6.89274E-02 
3.56650E+03 6.61539E-03 
3.56725E+03 1.15089E-02 
3.56800E+03 5.01499E-02 
3.56875E+03 -1.72112E-02 
3.56950E+03 2.35864E-02 
3.57025E+03 -6.20388E-02 
3.57100E+03 4.85823E-02 
3.57175E+03 -2.02585E-02 
3.57250E+03 -1.39061E-02 
3.57325E+03 8.35489E-02 
3.57400E+03 1.14382E-01 
3.57475E+03 2.10399E-02 
3.57550E+03 3.29360E-03 
3.57625E+03 4.18513E-02 
3.57700E+03 -4.44660E-02 
3.57775E+03 -1.82484E-02 
3.57850E+03 2.63216E-02 
3.57925E+03 -9.53441E-02 
3.58000E+03 -1.18947E-01 
3.58075E+03 -1.55074E-01 
3.58150E+03 2.79819E-02 
3.58225E+03 -3.64270E-02 
3.58300E+03 -7.26830E-02 
3.58375E+03 -3.68195E-04 
3.58450E+03 -1.09164E-02 
3.58525E+03 1.37105E-02 
3.58600E+03 3.30993E-02 
3.58675E+03 6.95709E-02 
3.58750E+03 9.04486E-03 
3.58825E+03 4.45336E-02 
3.58900E+03 -5.36410E-02 
3.58975E+03 -7.50871E-02 
3.59050E+03 -1.11054E-01 
3.59125E+03 -2.19323E-02 
3.59200E+03 1.86814E-02 
3.59275E+03 1.62242E-02 
3.59350E+03 4.86658E-02 
3.59425E+03 3.18568E-02 
3.59500E+03 1.19302E-01 
3.59575E+03 7.84423E-02 
3.59650E+03 6.65573E-02 
3.59725E+03 -6.15469E-03 
3.59800E+03 2.95472E-02 
3.59875E+03 -5.24727E-03 
3.59950E+03 8.11444E-02 
3.60025E+03 1.30934E-02 
3.60100E+03 4.84026E-02 
3.60175E+03 -8.31945E-04 
3.60250E+03 1.81122E-02 
3.60325E+03 6.16439E-02 
3.60400E+03 7.74526E-02 
3.60475E+03 6.43047E-02 
3.60550E+03 4.87124E-02 
3.60625E+03 5.41128E-02 
3.60700E+03 -4.38924E-02 
3.60775E+03 -4.70959E-02 
3.60850E+03 -4.50148E-02 
3.60925E+03 -4.30553E-02 
3.61000E+03 6.60838E-02 
3.61075E+03 -4.26165E-02 
3.61150E+03 6.24926E-02 
3.61225E+03 6.41707E-02 
3.61300E+03 1.20741E-01 
3.61375E+03 -3.83468E-02 
3.61450E+03 6.65760E-02 
3.61525E+03 7.76577E-03 
3.61600E+03 2.67052E-02 
3.61675E+03 2.20739E-02 
3.61750E+03 3.10178E-02 
3.61825E+03 8.99900E-02 
3.61900E+03 1.44277E-01 
3.61975E+03 6.47627E-02 
3.62050E+03 2.93901E-02 
3.62125E+03 -4.76803E-03 
3.62200E+03 -1.99819E-02 
3.62275E+03 -7.41915E-02 
3.62350E+03 -3.35496E-02 
3.62425E+03 -1.14117E-02 
3.62500E+03 6.06838E-02 
3.62575E+03 4.02367E-02 
3.62650E+03 8.52787E-02 
3.62725E+03 2.46553E-02 
3.62800E+03 4.48917E-02 
3.62875E+03 5.86965E-02 
3.62950E+03 -1.08682E-02 
3.63025E+03 -2.24460E-02 
3.63100E+03 1.65191E-02 
3.63175E+03 -4.61388E-03 
3.63250E+03 -5.65139E-02 
3.63325E+03 -5.74291E-02 
3.63400E+03 -4.07183E-02 
3.63475E+03 -3.36056E-02 
3.63550E+03 3.06149E-02 
3.63625E+03 1.19488E-01 
3.63700E+03 5.21105E-02 
3.63775E+03 -1.50017E-04 
3.63850E+03 2.47064E-02 
3.63925E+03 5.09668E-02 
3.64000E+03 -2.17066E-02 
3.64075E+03 2.58849E-02 
3.64150E+03 -3.39468E-03 
3.64225E+03 -3.94929E-02 
3.64300E+03 -5.68562E-02 
3.64375E+03 3.64436E-02 
3.64450E+03 1.56732E-02 
3.64525E+03 -1.55136E-02 
3.64600E+03 1.28903E-02 
3.64675E+03 7.81045E-02 
3.64750E+03 4.77789E-02 
3.64825E+03 6.24472E-03 
3.64900E+03 1.11478E-02 
3.64975E+03 1.12744E-02 
3.65050E+03 1.48515E-02 
3.65125E+03 -4.63628E-02 
3.65200E+03 4.58120E-02 
3.65275E+03 3.02177E-02 
3.65350E+03 1.10199E-02 
3.65425E+03 -1.23590E-02 
3.65500E+03 3.58432E-02 
3.65575E+03 -7.40919E-02 
3.65650E+03 3.38359E-02 
3.65725E+03 -6.75890E-02 
3.65800E+03 -2.80871E-02 
3.65875E+03 -1.77152E-02 
3.65950E+03 -2.25696E-02 
3.66025E+03 -8.40634E-03 
3.66100E+03 -1.96025E-03 
3.66175E+03 -1.18804E-02 
3.66250E+03 5.43061E-02 
3.66325E+03 1.08325E-01 
3.66400E+03 7.48639E-02 
3.66475E+03 6.66423E-03 
3.66550E+03 3.97766E-02 
3.66625E+03 -4.86644E-02 
3.66700E+03 1.60244E-02 
3.66775E+03 1.89944E-02 
3.66850E+03 8.52837E-02 
3.66925E+03 8.58521E-03 
3.67000E+03 -2.53486E-02 
3.67075E+03 6.13020E-02 
3.67150E+03 5.77647E-02 
3.67225E+03 -1.54611E-02 
3.67300E+03 -4.49250E-02 
3.67375E+03 -4.42094E-02 
3.67450E+03 6.58181E-03 
3.67525E+03 -1.00444E-02 
3.67600E+03 -3.73667E-02 
3.67675E+03 -5.36576E-04 
3.67750E+03 6.00784E-02 
3.67825E+03 -4.95382E-03 
3.67900E+03 -1.53761E-02 
3.67975E+03 6.84533E-02 
3.68050E+03 3.87078E-02 
3.68125E+03 2.69759E-02 
3.68200E+03 2.18829E-02 
3.68275E+03 -2.55546E-02 
3.68350E+03 -3.93846E-02 
3.68425E+03 6.83065E-02 
3.68500E+03 3.33972E-02 
3.68575E+03 1.03990E-01 
3.68650E+03 6.64077E-02 
3.68725E+03 6.26266E-02 
3.68800E+03 -1.88103E-02 
3.68875E+03 1.10822E-02 
3.68950E+03 -1.71611E-02 
3.69025E+03 3.66974E-02 
3.69100E+03 2.12710E-02 
3.69175E+03 -4.59914E-02 
3.69250E+03 -8.56307E-03 
3.69325E+03 -2.54134E-02 
3.69400E+03 -3.21431E-02 
3.69475E+03 -1.19103E-02 
3.69550E+03 2.50932E-02 
3.69625E+03 1.64873E-02 
3.69700E+03 -2.39616E-02 
3.69775E+03 -6.49104E-02 
3.69850E+03 1.39607E-02 
3.69925E+03 -2.13489E-03 
3.70000E+03 1.49184E-02 
3.70075E+03 -9.37699E-03 
3.70150E+03 -2.19079E-02 
3.70225E+03 7.24029E-02 
3.70300E+03 2.41842E-02 
3.70375E+03 6.94924E-02 
3.70450E+03 4.86697E-02 
3.70525E+03 3.09704E-02 
3.70600E+03 -3.24711E-02 
3.70675E+03 -6.35827E-02 
3.70750E+03 5.69895E-02 
3.70825E+03 2.28094E-02 
3.70900E+03 -8.70187E-03 
3.70975E+03 -1.32057E-02 
3.71050E+03 -2.50068E-02 
3.71125E+03 -5.72819E-03 
3.71200E+03 2.64106E-03 
3.71275E+03 9.77053E-03 
3.71350E+03 4.11796E-02 
3.71425E+03 -3.10798E-03 
3.71500E+03 3.34093E-02 
3.71575E+03 -1.88114E-03 
3.71650E+03 1.15565E-02 
3.71725E+03 4.74748E-02 
3.71800E+03 -2.75936E-02 
3.71875E+03 4.90407E-02 
3.71950E+03 -2.90760E-02 
3.72025E+03 1.24665E-02 
3.72100E+03 1.15940E-02 
3.72175E+03 -3.03995E-03 
3.72250E+03 8.31981E-02 
3.72325E+03 7.02926E-01 
3.72400E+03 2.68303E+00 
3.72475E+03 5.66436E+00 
3.72550E+03 6.36452E+00 
3.72625E+03 5.19857E+00 
3.72700E+03 4.89087E+00 
3.72775E+03 5.29665E+00 
3.72850E+03 4.33872E+00 
3.72925E+03 2.60437E+00 
3.73000E+03 1.57638E+00 
3.73075E+03 8.58877E-01 
3.73150E+03 4.23428E-01 
3.73225E+03 1.16192E-01 
3.73300E+03 3.47727E-03 
3.73375E+03 2.23831E-02 
3.73450E+03 -3.26294E-02 
3.73525E+03 9.57363E-02 
3.73600E+03 4.12062E-03 
3.73675E+03 -1.52150E-02 
3.73750E+03 2.01691E-02 
3.73825E+03 2.54064E-03 
3.73900E+03 1.34909E-02 
3.73975E+03 2.75136E-02 
3.74050E+03 4.39356E-02 
3.74125E+03 1.16537E-01 
3.74200E+03 6.99694E-02 
3.74275E+03 4.15328E-02 
3.74350E+03 5.92491E-02 
3.74425E+03 -1.34639E-02 
3.74500E+03 -4.85065E-03 
3.74575E+03 2.81813E-02 
3.74650E+03 -9.46367E-03 
3.74725E+03 5.74352E-02 
3.74800E+03 3.53963E-02 
3.74875E+03 -8.43354E-03 
3.74950E+03 6.47528E-02 
3.75025E+03 2.01482E-02 
3.75100E+03 3.98881E-02 
3.75175E+03 -5.13664E-02 
3.75250E+03 2.32381E-02 
3.75325E+03 4.11572E-02 
3.75400E+03 1.28017E-02 
3.75475E+03 4.33879E-03 
3.75550E+03 4.30793E-02 
3.75625E+03 7.50527E-02 
3.75700E+03 4.66823E-02 
3.75775E+03 8.42866E-02 
3.75850E+03 9.05630E-02 
3.75925E+03 2.17297E-02 
3.76000E+03 1.75639E-02 
3.76075E+03 5.25736E-02 
3.76150E+03 4.47075E-03 
3.76225E+03 7.21398E-02 
3.76300E+03 1.70866E-02 
3.76375E+03 1.28392E-03 
3.76450E+03 4.38539E-02 
3.76525E+03 1.83445E-02 
3.76600E+03 -6.82904E-03 
3.76675E+03 5.99446E-02 
3.76750E+03 1.04219E-01 
3.76825E+03 4.76228E-02 
3.76900E+03 1.40981E-03 
3.76975E+03 3.46226E-02 
3.77050E+03 9.66905E-03 
3.77125E+03 -6.96436E-03 
3.77200E+03 -3.48774E-02 
3.77275E+03 7.94868E-03 
3.77350E+03 5.15750E-03 
3.77425E+03 -1.70498E-02 
3.77500E+03 1.82297E-02 
3.77575E+03 4.99553E-02 
3.77650E+03 7.00740E-02 
3.77725E+03 9.52715E-02 
3.77800E+03 2.44060E-02 
3.77875E+03 1.33196E-02 
3.77950E+03 1.00701E-02 
3.78025E+03 6.82319E-02 
3.78100E+03 1.41407E-02 
3.78175E+03 1.19909E-02 
3.78250E+03 1.84576E-02 
3.78325E+03 -3.66613E-02 
3.78400E+03 -5.04330E-02 
3.78475E+03 -9.36153E-03 
3.78550E+03 2.98528E-02 
3.78625E+03 5.24619E-02 
3.78700E+03 5.40192E-02 
3.78775E+03 7.05082E-02 
3.78850E+03 4.65246E-02 
3.78925E+03 6.70187E-02 
3.79000E+03 6.07967E-02 
3.79075E+03 4.82794E-02 
3.79150E+03 3.14140E-02 
3.79225E+03 -5.83606E-02 
3.79300E+03 3.85703E-02 
3.79375E+03 4.60331E-02 
3.79450E+03 -1.09404E-02 
3.79525E+03 -1.17291E-02 
3.79600E+03 -9.60128E-03 
3.79675E+03 1.65590E-02 
3.79750E+03 7.97172E-02 
3.79825E+03 1.02664E-01 
3.79900E+03 6.54977E-02 
3.79975E+03 -8.54352E-03 
3.80050E+03 -5.87664E-02 
3.80125E+03 8.95903E-04 
3.80200E+03 1.10068E-02 
3.80275E+03 -4.27144E-02 
3.80350E+03 -3.89653E-03 
3.80425E+03 9.12380E-03 
3.80500E+03 3.55212E-02 
3.80575E+03 -2.34293E-02 
3.80650E+03 2.86952E-02 
3.80725E+03 2.45147E-02 
3.80800E+03 6.63283E-02 
3.80875E+03 2.98854E-02 
3.80950E+03 -2.04634E-02 
3.81025E+03 -6.71383E-03 
3.81100E+03 -4.45439E-02 
3.81175E+03 -1.08499E-02 
3.81250E+03 -1.39987E-02 
3.81325E+03 3.69047E-02 
3.81400E+03 1.46841E-02 
3.81475E+03 1.90830E-02 
3.81550E+03 5.36232E-02 
3.81625E+03 4.46539E-03 
3.81700E+03 1.08885E-02 
3.81775E+03 -2.14254E-02 
3.81850E+03 8.09358E-02 
3.81925E+03 -5.20714E-02 
3.82000E+03 -2.01823E-02 
3.82075E+03 -2.72046E-03 
3.82150E+03 2.50918E-02 
3.82225E+03 5.31601E-02 
3.82300E+03 -1.14738E-02 
3.82375E+03 -1.09365E-02 
3.82450E+03 6.82275E-03 
3.82525E+03 5.17480E-02 
3.82600E+03 5.36111E-02 
3.82675E+03 3.87519E-02 
3.82750E+03 -1.65769E-02 
3.82825E+03 -3.84100E-03 
3.82900E+03 -3.20815E-02 
3.82975E+03 -2.39709E-02 
3.83050E+03 -6.61173E-02 
3.83125E+03 -1.74043E-02 
3.83200E+03 -3.64400E-02 
3.83275E+03 1.90093E-03 
3.83350E+03 -2.05637E-02 
3.83425E+03 4.37049E-02 
3.83500E+03 4.42984E-02 
3.83575E+03 8.96717E-02 
3.83650E+03 1.86945E-02 
3.83725E+03 5.77546E-02 
3.83800E+03 -1.72341E-02 
3.83875E+03 7.26175E-03 
3.83950E+03 -2.20359E-02 
3.84025E+03 -5.35159E-03 
3.84100E+03 1.90187E-02 
3.84175E+03 -8.98993E-03 
3.84250E+03 3.51347E-03 
3.84325E+03 2.32338E-03 
3.84400E+03 1.92825E-02 
3.84475E+03 -1.83761E-02 
3.84550E+03 2.36387E-02 
3.84625E+03 2.71854E-02 
3.84700E+03 1.52909E-03 
3.84775E+03 3.32520E-03 
3.84850E+03 4.60482E-03 
3.84925E+03 4.30581E-03 
3.85000E+03 -1.33914E-03 
3.85075E+03 4.75338E-02 
3.85150E+03 2.97122E-02 
3.85225E+03 3.87825E-02 
3.85300E+03 1.60627E-02 
3.85375E+03 7.91553E-02 
3.85450E+03 3.76317E-02 
3.85525E+03 -1.48938E-02 
3.85600E+03 5.51305E-02 
3.85675E+03 4.50475E-02 
3.85750E+03 4.56996E-02 
3.85825E+03 3.18706E-02 
3.85900E+03 1.35977E-01 
3.85975E+03 5.56392E-02 
3.86050E+03 8.13979E-04 
3.86125E+03 -1.64121E-02 
3.86200E+03 2.75922E-02 
3.86275E+03 1.60063E-02 
3.86350E+03 6.18740E-02 
3.86425E+03 1.44793E-01 
3.86500E+03 3.29308E-01 
3.86575E+03 1.61342E+00 
3.86650E+03 5.59363E+00 
3.86725E+03 1.25539E+01 
3.86800E+03 1.70655E+01 
3.86875E+03 1.45997E+01 
3.86950E+03 8.91041E+00 
3.87025E+03 4.82857E+00 
3.87100E+03 2.07326E+00 
3.87175E+03 8.23018E-01 
3.87250E+03 3.38361E-01 
3.87325E+03 1.69223E-01 
3.87400E+03 9.77308E-02 
3.87475E+03 6.18512E-02 
3.87550E+03 -1.11802E-03 
3.87625E+03 -1.93587E-03 
3.87700E+03 9.63141E-02 
3.87775E+03 5.73150E-03 
3.87850E+03 2.49971E-02 
3.87925E+03 6.36393E-03 
3.88000E+03 2.87487E-02 
3.88075E+03 -2.39920E-02 
3.88150E+03 -1.15270E-02 
3.88225E+03 2.49671E-02 
3.88300E+03 -7.21937E-03 
3.88375E+03 8.74969E-03 
3.88450E+03 5.16286E-02 
3.88525E+03 3.84415E-02 
3.88600E+03 9.52907E-03 
3.88675E+03 2.99992E-02 
3.88750E+03 1.56620E-01 
3.88825E+03 2.50175E-01 
3.88900E+03 1.75136E-01 
3.88975E+03 1.10564E-01 
3.89050E+03 1.09656E-01 
3.89125E+03 6.67393E-03 
3.89200E+03 -2.85103E-03 
3.89275E+03 -4.06113E-03 
3.89350E+03 4.17225E-02 
3.89425E+03 -5.82199E-03 
3.89500E+03 5.96689E-02 
3.89575E+03 2.22419E-02 
3.89650E+03 -8.07650E-02 
3.89725E+03 5.61444E-03 
3.89800E+03 -1.95765E-02 
3.89875E+03 -5.84390E-03 
3.89950E+03 -1.13034E-02 
3.90025E+03 -6.89670E-03 
3.90100E+03 4.06623E-02 
3.90175E+03 -3.04435E-02 
3.90250E+03 1.03831E-03 
3.90325E+03 2.06828E-03 
3.90400E+03 -1.45392E-03 
3.90475E+03 3.09490E-02 
3.90550E+03 2.41185E-02 
3.90625E+03 3.48455E-02 
3.90700E+03 -1.66773E-02 
3.90775E+03 1.37386E-02 
3.90850E+03 -5.60223E-03 
3.90925E+03 2.68691E-02 
3.91000E+03 2.66709E-02 
3.91075E+03 2.39492E-02 
3.91150E+03 4.95883E-02 
3.91225E+03 3.41584E-02 
3.91300E+03 -2.00695E-02 
3.91375E+03 -1.19533E-02 
3.91450E+03 1.83154E-02 
3.91525E+03 -4.70609E-02 
3.91600E+03 -2.71820E-02 
3.91675E+03 -2.61712E-02 
3.91750E+03 -1.00656E-01 
3.91825E+03 -2.09725E-02 
3.91900E+03 5.26679E-02 
3.91975E+03 1.52878E-02 
3.92050E+03 -5.90802E-03 
3.92125E+03 1.80918E-03 
3.92200E+03 3.77571E-02 
3.92275E+03 3.44546E-02 
3.92350E+03 -3.33314E-03 
3.92425E+03 8.37762E-03 
3.92500E+03 -5.59919E-04 
3.92575E+03 -2.20524E-02 
3.92650E+03 4.17853E-02 
3.92725E+03 1.57765E-02 
3.92800E+03 9.59688E-03 
3.92875E+03 -4.58309E-03 
3.92950E+03 5.05907E-03 
3.93025E+03 1.85073E-02 
3.93100E+03 3.74867E-02 
3.93175E+03 5.16497E-02 
3.93250E+03 6.13779E-02 
3.93325E+03 9.92899E-02 
3.93400E+03 9.43040E-02 
3.93475E+03 6.53533E-02 
3.93550E+03 4.05851E-02 
3.93625E+03 1.10445E-02 
3.93700E+03 7.63388E-04 
3.93775E+03 2.12467E-02 
3.93850E+03 4.77472E-02 
3.93925E+03 6.94588E-02 
3.94000E+03 4.67711E-02 
3.94075E+03 6.10661E-03 
3.94150E+03 4.94829E-02 
3.94225E+03 8.09404E-02 
3.94300E+03 5.19355E-02 
3.94375E+03 1.63417E-02 
3.94450E+03 -1.28301E-02 
3.94525E+03 2.49121E-02 
3.94600E+03 1.05581E-02 
3.94675E+03 1.75727E-02 
3.94750E+03 -3.08829E-02 
3.94825E+03 1.09762E-02 
3.94900E+03 8.44019E-03 
3.94975E+03 2.39327E-02 
3.95050E+03 2.60519E-02 
3.95125E+03 3.62586E-02 
3.95200E+03 2.65191E-02 
3.95275E+03 2.54060E-02 
3.95350E+03 3.90071E-02 
3.95425E+03 -2.69489E-03 
3.95500E+03 -4.01626E-03 
3.95575E+03 4.05623E-02 
3.95650E+03 4.03599E-02 
3.95725E+03 1.32675E-02 
3.95800E+03 2.49086E-02 
3.95875E+03 1.81935E-02 
3.95950E+03 3.68072E-02 
3.96025E+03 3.90666E-02 
3.96100E+03 2.14954E-02 
3.96175E+03 2.74255E-02 
3.96250E+03 4.65194E-02 
3.96325E+03 1.00845E-01 
3.96400E+03 1.82988E-01 
3.96475E+03 8.02486E-01 
3.96550E+03 2.38131E+00 
3.96625E+03 4.80143E+00 
3.96700E+03 6.08259E+00 
3.96775E+03 4.59376E+00 
3.96850E+03 2.41752E+00 
3.96925E+03 1.22893E+00 
3.97000E+03 5.97831E-01 
3.97075E+03 2.25290E-01 
3.97150E+03 1.01499E-01 
3.97225E+03 8.27852E-02 
3.97300E+03 7.22546E-02 
3.97375E+03 1.10046E-02 
3.97450E+03 7.43267E-02 
3.97525E+03 1.15710E-02 
3.97600E+03 5.31026E-02 
3.97675E+03 -1.74490E-02 
3.97750E+03 -4.34435E-02 
3.97825E+03 -2.10292E-02 
3.97900E+03 1.64302E-02 
3.97975E+03 2.12664E-02 
3.98050E+03 8.26489E-03 
3.98125E+03 -2.17052E-03 
3.98200E+03 4.23730E-03 
3.98275E+03 -1.17843E-02 
3.98350E+03 -3.39088E-02 
3.98425E+03 -5.30084E-03 
3.98500E+03 6.26424E-03 
3.98575E+03 -1.48562E-02 
3.98650E+03 5.98557E-02 
3.98725E+03 2.55476E-02 
3.98800E+03 -1.67521E-02 
3.98875E+03 3.83693E-03 
3.98950E+03 -1.85237E-02 
3.99025E+03 2.09733E-02 
3.99100E+03 2.25605E-02 
3.99175E+03 -9.74204E-03 
3.99250E+03 4.36548E-02 
3.99325E+03 2.48820E-02 
3.99400E+03 2.51277E-02 
3.99475E+03 5.59891E-02 
3.99550E+03 7.77847E-02 
3.99625E+03 6.64105E-02 
3.99700E+03 4.46902E-02 
3.99775E+03 7.43876E-02 
3.99850E+03 9.57483E-02 
3.99925E+03 2.96393E-02 
4.00000E+03 7.28789E-03 
4.00075E+03 -2.56259E-02 
4.00150E+03 1.83759E-02 
4.00225E+03 5.43391E-02 
4.00300E+03 4.79706E-02 
4.00375E+03 -4.73407E-02 
4.00450E+03 6.14959E-04 
4.00525E+03 -5.46417E-02 
4.00600E+03 1.75991E-03 
4.00675E+03 3.89021E-02 
4.00750E+03 -4.53785E-03 
4.00825E+03 -1.13670E-02 
4.00900E+03 2.65474E-02 
4.00975E+03 1.77853E-02 
4.01050E+03 -1.40589E-02 
4.01125E+03 -4.16158E-03 
4.01200E+03 -1.73621E-02 
4.01275E+03 -7.56291E-03 
4.01350E+03 -4.30111E-02 
4.01425E+03 -1.39836E-02 
4.01500E+03 -9.84355E-03 
4.01575E+03 6.67743E-02 
4.01650E+03 4.67299E-02 
4.01725E+03 -4.87906E-02 
4.01800E+03 4.94620E-02 
4.01875E+03 2.68837E-02 
4.01950E+03 7.39048E-02 
4.02025E+03 4.42852E-02 
4.02100E+03 3.87763E-02 
4.02175E+03 -2.24764E-02 
4.02250E+03 -1.59400E-02 
4.02325E+03 -2.01145E-02 
4.02400E+03 3.37573E-02 
4.02475E+03 4.96659E-02 
4.02550E+03 5.81703E-03 
4.02625E+03 7.63960E-02 
4.02700E+03 1.85064E-02 
4.02775E+03 -5.04365E-03 
4.02850E+03 -1.23184E-04 
4.02925E+03 4.45066E-03 
4.03000E+03 -5.58588E-02 
4.03075E+03 1.56860E-03 
4.03150E+03 2.39744E-02 
4.03225E+03 3.04711E-02 
4.03300E+03 -1.93613E-02 
4.03375E+03 2.56430E-02 
4.03450E+03 9.85053E-03 
4.03525E+03 1.37320E-02 
4.03600E+03 1.92213E-02 
4.03675E+03 2.98245E-02 
4.03750E+03 -2.11354E-02 
4.03825E+03 -3.90981E-02 
4.03900E+03 1.62962E-02 
4.03975E+03 2.40844E-02 
4.04050E+03 3.32513E-03 
4.04125E+03 -1.06769E-02 
4.04200E+03 8.41549E-02 
4.04275E+03 8.77318E-02 
4.04350E+03 2.26441E-02 
4.04425E+03 3.17821E-02 
4.04500E+03 7.13804E-02 
4.04575E+03 2.08531E-02 
4.04650E+03 5.17026E-02 
4.04725E+03 7.14224E-03 
4.04800E+03 1.99067E-02 
4.04875E+03 2.80375E-02 
4.04950E+03 2.08446E-02 
4.05025E+03 2.56253E-02 
4.05100E+03 2.72657E-02 
4.05175E+03 8.25041E-02 
4.05250E+03 3.95908E-02 
4.05325E+03 1.72998E-02 
4.05400E+03 5.76751E-02 
4.05475E+03 2.15058E-02 
4.05550E+03 2.78295E-02 
4.05625E+03 2.93577E-02 
4.05700E+03 -8.63398E-03 
4.05775E+03 3.69539E-02 
4.05850E+03 -4.45883E-02 
4.05925E+03 1.63630E-02 
4.06000E+03 1.99875E-02 
4.06075E+03 9.57657E-03 
4.06150E+03 4.31629E-02 
4.06225E+03 3.01427E-02 
4.06300E+03 5.75788E-02 
4.06375E+03 -2.87065E-04 
4.06450E+03 3.41555E-02 
4.06525E+03 3.85489E-02 
4.06600E+03 2.97192E-02 
4.06675E+03 5.08822E-02 
4.06750E+03 8.95770E-02 
4.06825E+03 1.07224E-01 
4.06900E+03 1.35126E-01 
4.06975E+03 1.33979E-01 
4.07050E+03 8.14568E-02 
4.07125E+03 6.75943E-02 
4.07200E+03 4.27441E-02 
4.07275E+03 2.98821E-02 
4.07350E+03 6.67911E-02 
4.07425E+03 9.23612E-02 
4.07500E+03 7.56366E-02 
4.07575E+03 5.33260E-02 
4.07650E+03 5.59241E-02 
4.07725E+03 3.49382E-02 
4.07800E+03 2.58624E-02 
4.07875E+03 2.56464E-02 
4.07950E+03 -2.05474E-02 
4.08025E+03 -3.15106E-03 
4.08100E+03 4.67734E-03 
4.08175E+03 2.72009E-02 
4.08250E+03 1.31997E-02 
4.08325E+03 -1.59303E-02 
4.08400E+03 -2.19389E-02 
4.08475E+03 2.04654E-02 
4.08550E+03 1.42583E-02 
4.08625E+03 -2.97282E-03 
4.08700E+03 5.88071E-02 
4.08775E+03 6.90112E-02 
4.08850E+03 5.31340E-02 
4.08925E+03 2.34649E-02 
4.09000E+03 4.47703E-03 
4.09075E+03 8.57015E-03 
4.09150E+03 -1.06652E-02 
4.09225E+03 3.80027E-03 
4.09300E+03 -1.91709E-02 
4.09375E+03 -1.31449E-02 
4.09450E+03 1.91236E-02 
4.09525E+03 -1.66702E-02 
4.09600E+03 1.59148E-02 
4.09675E+03 1.90746E-02 
4.09750E+03 4.16922E-03 
4.09825E+03 1.39391E-02 
4.09900E+03 -3.69955E-02 
4.09975E+03 2.27749E-03 
4.10050E+03 2.00879E-03 
4.10125E+03 1.71568E-02 
4.10200E+03 2.65257E-02 
4.10275E+03 2.10501E-03 
4.10350E+03 2.82770E-03 
4.10425E+03 1.10052E-02 
4.10500E+03 3.10530E-02 
4.10575E+03 2.95868E-02 
4.10650E+03 3.31474E-02 
4.10725E+03 -1.03440E-02 
4.10800E+03 2.91019E-03 
4.10875E+03 6.37526E-02 
4.10950E+03 3.71904E-02 
4.11025E+03 5.38206E-02 
4.11100E+03 -1.30165E-04 
4.11175E+03 1.85518E-02 
4.11250E+03 3.58268E-02 
4.11325E+03 3.34739E-02 
4.11400E+03 -1.17476E-03 
4.11475E+03 3.34168E-03 
4.11550E+03 4.90286E-02 
4.11625E+03 1.45487E-02 
4.11700E+03 -1.95478E-02 
4.11775E+03 -3.92236E-02 
4.11850E+03 -7.67660E-03 
4.11925E+03 -8.77142E-05 
4.12000E+03 -9.45146E-03 
4.12075E+03 2.67308E-02 
4.12150E+03 -9.70716E-03 
4.12225E+03 5.34377E-02 
4.12300E+03 1.76213E-02 
4.12375E+03 -5.90676E-03 
4.12450E+03 3.30410E-02 
4.12525E+03 5.42747E-02 
4.12600E+03 1.59616E-02 
4.12675E+03 -3.69209E-02 
4.12750E+03 2.88390E-02 
4.12825E+03 3.27422E-02 
4.12900E+03 -5.88953E-06 
4.12975E+03 2.05981E-03 
4.13050E+03 -9.34168E-03 
4.13125E+03 2.16264E-02 
4.13200E+03 2.10296E-02 
4.13275E+03 5.32516E-03 
4.13350E+03 -3.03952E-02 
4.13425E+03 -2.24189E-03 
4.13500E+03 6.94964E-03 
4.13575E+03 -2.71147E-02 
4.13650E+03 3.10868E-03 
4.13725E+03 1.31153E-02 
4.13800E+03 -1.84151E-02 
4.13875E+03 -8.44836E-03 
4.13950E+03 1.77591E-02 
4.14025E+03 5.20637E-03 
4.14100E+03 3.39666E-02 
4.14175E+03 3.06689E-02 
4.14250E+03 3.44068E-02 
4.14325E+03 4.86678E-02 
4.14400E+03 5.83541E-02 
4.14475E+03 4.37629E-02 
4.14550E+03 4.19254E-02 
4.14625E+03 2.55371E-02 
4.14700E+03 -3.06523E-02 
4.14775E+03 4.29329E-02 
4.14850E+03 -2.96561E-02 
4.14925E+03 2.68318E-03 
4.15000E+03 2.93467E-02 
4.15075E+03 2.64916E-02 
4.15150E+03 1.12066E-02 
4.15225E+03 5.55694E-02 
4.15300E+03 -1.03051E-02 
4.15375E+03 4.78756E-03 
4.15450E+03 4.82020E-02 
4.15525E+03 3.62244E-02 
4.15600E+03 -2.59402E-02 
4.15675E+03 -2.33195E-03 
4.15750E+03 2.34105E-02 
4.15825E+03 5.18070E-02 
4.15900E+03 6.01536E-02 
4.15975E+03 5.01301E-02 
4.16050E+03 -1.65951E-02 
4.16125E+03 2.02015E-02 
4.16200E+03 1.37908E-04 
4.16275E+03 3.56181E-02 
4.16350E+03 -1.23545E-02 
4.16425E+03 1.49914E-02 
4.16500E+03 4.46984E-02 
4.16575E+03 3.36729E-02 
4.16650E+03 2.39394E-02 
4.16725E+03 3.22352E-02 
4.16800E+03 4.38262E-02 
4.16875E+03 2.83342E-02 
4.16950E+03 1.08129E-02 
4.17025E+03 2.63189E-02 
4.17100E+03 3.54271E-02 
4.17175E+03 3.98614E-02 
4.17250E+03 4.08206E-02 
4.17325E+03 -7.78417E-03 
4.17400E+03 5.45305E-02 
4.17475E+03 3.02881E-02 
4.17550E+03 -5.76125E-03 
4.17625E+03 1.57254E-02 
4.17700E+03 -2.07809E-02 
4.17775E+03 -9.61161E-03 
4.17850E+03 1.25162E-02 
4.17925E+03 5.76624E-02 
4.18000E+03 2.68129E-03 
4.18075E+03 1.04287E-02 
4.18150E+03 5.58870E-02 
4.18225E+03 5.18313E-02 
4.18300E+03 -1.41202E-02 
4.18375E+03 1.96462E-02 
4.18450E+03 1.96730E-02 
4.18525E+03 5.06685E-03 
4.18600E+03 7.05009E-02 
4.18675E+03 1.96712E-02 
4.18750E+03 3.31049E-02 
4.18825E+03 -1.69838E-02 
4.18900E+03 2.90283E-02 
4.18975E+03 2.66646E-02 
4.19050E+03 5.54418E-02 
4.19125E+03 -2.66344E-02 
4.19200E+03 2.13225E-02 
4.19275E+03 2.45697E-02 
4.19350E+03 4.27728E-02 
4.19425E+03 1.42591E-02 
4.19500E+03 -1.84536E-02 
4.19575E+03 -4.19027E-03 
4.19650E+03 -5.37724E-03 
4.19725E+03 2.54442E-02 
4.19800E+03 2.10116E-02 
4.19875E+03 4.22770E-02 
4.19950E+03 3.69705E-02 
4.20025E+03 7.28485E-03 
4.20100E+03 4.17845E-02 
4.20175E+03 -4.86826E-03 
4.20250E+03 9.60208E-03 
4.20325E+03 -4.38144E-03 
4.20400E+03 5.58811E-02 
4.20475E+03 -1.20907E-03 
4.20550E+03 -1.08056E-02 
4.20625E+03 3.72546E-02 
4.20700E+03 -2.34298E-02 
4.20775E+03 -1.12879E-02 
4.20850E+03 9.49504E-03 
4.20925E+03 4.22512E-02 
4.21000E+03 7.92552E-03 
4.21075E+03 2.67107E-02 
4.21150E+03 2.06114E-02 
4.21225E+03 1.85395E-02 
4.21300E+03 1.97245E-02 
4.21375E+03 2.15786E-02 
4.21450E+03 -1.50680E-02 
4.21525E+03 6.21226E-03 
4.21600E+03 6.31602E-03 
4.21675E+03 4.57109E-02 
4.21750E+03 3.26041E-02 
4.21825E+03 3.43187E-02 
4.21900E+03 1.87717E-02 
4.21975E+03 1.04322E-02 
4.22050E+03 7.99176E-03 
4.22125E+03 5.76878E-02 
4.22200E+03 1.72613E-02 
4.22275E+03 1.85300E-02 
4.22350E+03 8.05191E-03 
4.22425E+03 2.21215E-02 
4.22500E+03 3.17001E-02 
4.22575E+03 -2.86025E-02 
4.22650E+03 4.46546E-02 
4.22725E+03 1.48319E-02 
4.22800E+03 1.84527E-04 
4.22875E+03 3.82999E-02 
4.22950E+03 -2.35316E-04 
4.23025E+03 2.02914E-02 
4.23100E+03 -1.13791E-02 
4.23175E+03 5.36774E-04 
4.23250E+03 7.78727E-02 
4.23325E+03 3.10684E-02 
4.23400E+03 -8.77417E-03 
4.23475E+03 1.16304E-02 
4.23550E+03 4.18419E-02 
4.23625E+03 4.63948E-02 
4.23700E+03 5.85001E-02 
4.23775E+03 -1.63857E-02 
4.23850E+03 -6.85400E-03 
4.23925E+03 -5.71213E-02 
4.24000E+03 7.25335E-03 
4.24075E+03 4.42019E-03 
4.24150E+03 1.74495E-03 
4.24225E+03 1.63812E-02 
4.24300E+03 2.83185E-02 
4.24375E+03 -2.64561E-02 
4.24450E+03 4.56942E-02 
4.24525E+03 3.80385E-02 
4.24600E+03 1.04308E-02 
4.24675E+03 2.10848E-02 
4.24750E+03 2.41000E-02 
4.24825E+03 -3.20733E-02 
4.24900E+03 3.94366E-02 
4.24975E+03 7.71475E-03 
4.25050E+03 -7.00139E-03 
4.25125E+03 6.23165E-04 
4.25200E+03 9.21978E-02 
4.25275E+03 6.53523E-02 
4.25350E+03 2.40460E-02 
4.25425E+03 1.70454E-02 
4.25500E+03 3.06164E-02 
4.25575E+03 -4.60071E-03 
4.25650E+03 3.80831E-02 
4.25725E+03 1.79430E-02 
4.25800E+03 8.81758E-03 
4.25875E+03 -2.27141E-02 
4.25950E+03 -1.15329E-02 
4.26025E+03 -2.33425E-02 
4.26100E+03 7.30108E-03 
4.26175E+03 2.22962E-02 
4.26250E+03 2.43806E-02 
4.26325E+03 -2.55766E-02 
4.26400E+03 -5.79716E-02 
4.26475E+03 4.22789E-02 
4.26550E+03 4.08938E-02 
4.26625E+03 6.09845E-02 
4.26700E+03 5.27149E-02 
4.26775E+03 7.27208E-02 
4.26850E+03 2.39148E-02 
4.26925E+03 -8.92144E-03 
4.27000E+03 -3.65379E-03 
4.27075E+03 1.40815E-02 
4.27150E+03 9.62593E-03 
4.27225E+03 -1.79801E-02 
4.27300E+03 9.72209E-03 
4.27375E+03 9.27721E-03 
4.27450E+03 2.05925E-02 
4.27525E+03 -1.38334E-02 
4.27600E+03 2.58727E-02 
4.27675E+03 -6.00758E-03 
4.27750E+03 -1.58627E-02 
4.27825E+03 2.34310E-02 
4.27900E+03 7.56745E-03 
4.27975E+03 1.17759E-02 
4.28050E+03 -9.64701E-03 
4.28125E+03 -2.94060E-02 
4.28200E+03 4.03208E-03 
4.28275E+03 1.32219E-02 
4.28350E+03 1.66609E-02 
4.28425E+03 -4.56997E-03 
4.28500E+03 6.22589E-03 
4.28575E+03 -7.30146E-03 
4.28650E+03 4.25601E-04 
4.28725E+03 1.96610E-02 
4.28800E+03 6.37508E-04 
4.28875E+03 1.42843E-02 
4.28950E+03 -2.62163E-02 
4.29025E+03 -1.46209E-02 
4.29100E+03 1.36073E-02 
4.29175E+03 3.63926E-02 
4.29250E+03 -2.43251E-02 
4.29325E+03 4.07171E-03 
4.29400E+03 -4.76095E-03 
4.29475E+03 7.63193E-03 
4.29550E+03 1.49796E-02 
4.29625E+03 1.32441E-02 
4.29700E+03 -4.92715E-03 
4.29775E+03 -2.42574E-02 
4.29850E+03 8.56711E-03 
4.29925E+03 3.29006E-03 
4.30000E+03 6.00081E-02 
4.30075E+03 8.21270E-02 
4.30150E+03 3.39345E-02 
4.30225E+03 -7.85335E-03 
4.30300E+03 -3.37273E-02 
4.30375E+03 -1.78363E-02 
4.30450E+03 -7.11145E-03 
4.30525E+03 1.70097E-02 
4.30600E+03 3.23579E-02 
4.30675E+03 7.31628E-02 
4.30750E+03 4.68265E-02 
4.30825E+03 3.05263E-02 
4.30900E+03 1.21213E-02 
4.30975E+03 1.16183E-02 
4.31050E+03 1.63644E-02 
4.31125E+03 1.23288E-02 
4.31200E+03 8.97455E-03 
4.31275E+03 -1.27687E-03 
4.31350E+03 1.28315E-02 
4.31425E+03 3.36762E-04 
4.31500E+03 5.45161E-02 
4.31575E+03 4.10515E-02 
4.31650E+03 4.48337E-02 
4.31725E+03 1.83230E-02 
4.31800E+03 2.12689E-02 
4.31875E+03 4.76729E-02 
4.31950E+03 1.80617E-02 
4.32025E+03 -2.36237E-02 
4.32100E+03 4.23619E-02 
4.32175E+03 6.11257E-02 
4.32250E+03 -1.93708E-02 
4.32325E+03 -1.26871E-02 
4.32400E+03 -1.60430E-02 
4.32475E+03 2.34445E-02 
4.32550E+03 4.44879E-02 
4.32625E+03 6.07385E-02 
4.32700E+03 5.67869E-03 
4.32775E+03 -5.37949E-03 
4.32850E+03 6.15826E-03 
4.32925E+03 -3.95938E-02 
4.33000E+03 3.60656E-02 
4.33075E+03 7.97468E-03 
4.33150E+03 -2.45904E-04 
4.33225E+03 1.64415E-02 
4.33300E+03 -4.58725E-03 
4.33375E+03 3.38402E-02 
4.33450E+03 2.73217E-02 
4.33525E+03 -4.85863E-03 
4.33600E+03 2.64827E-02 
4.33675E+03 -3.53032E-02 
4.33750E+03 2.92095E-02 
4.33825E+03 5.12260E-02 
4.33900E+03 5.61582E-02 
4.33975E+03 6.55534E-02 
4.34050E+03 4.23081E-02 
4.34125E+03 -1.15768E-02 
4.34200E+03 -2.64196E-02 
4.34275E+03 6.73557E-03 
4.34350E+03 -2.19353E-02 
4.34425E+03 -2.11308E-03 
4.34500E+03 4.10036E-02 
4.34575E+03 5.78646E-02 
4.34650E+03 1.66676E-02 
4.34725E+03 4.53653E-02 
4.34800E+03 2.70431E-02 
4.34875E+03 -8.38639E-03 
4.34950E+03 -1.77480E-04 
4.35025E+03 5.02537E-02 
4.35100E+03 1.63868E-03 
4.35175E+03 2.90255E-02 
4.35250E+03 -1.49371E-02 
4.35325E+03 -3.41053E-02 
4.35400E+03 5.79496E-03 
4.35475E+03 -1.98171E-02 
4.35550E+03 3.74097E-02 
4.35625E+03 2.56051E-02 
4.35700E+03 1.50372E-02 
4.35775E+03 2.71573E-02 
4.35850E+03 2.12488E-02 
4.35925E+03 4.69718E-02 
4.36000E+03 1.89911E-01 
4.36075E+03 5.82667E-01 
4.36150E+03 1.28770E+00 
4.36225E+03 1.95455E+00 
4.36300E+03 2.20099E+00 
4.36375E+03 1.79937E+00 
4.36450E+03 1.27489E+00 
4.36525E+03 7.19552E-01 
4.36600E+03 3.34947E-01 
4.36675E+03 1.39594E-01 
4.36750E+03 3.95771E-02 
4.36825E+03 5.68506E-02 
4.36900E+03 4.20256E-02 
4.36975E+03 7.08735E-02 
4.37050E+03 7.79778E-02 
4.37125E+03 -2.76075E-02 
4.37200E+03 2.77047E-02 
4.37275E+03 -2.75549E-02 
4.37350E+03 -5.02399E-02 
4.37425E+03 2.27495E-02 
4.37500E+03 2.48485E-02 
4.37575E+03 1.78347E-03 
4.37650E+03 -3.28003E-02 
4.37725E+03 1.71207E-03 
4.37800E+03 3.09788E-02 
4.37875E+03 -3.15960E-03 
4.37950E+03 5.18748E-03 
4.38025E+03 2.72350E-02 
4.38100E+03 5.05745E-03 
4.38175E+03 -2.21310E-02 
4.38250E+03 3.80781E-02 
4.38325E+03 4.35223E-02 
4.38400E+03 3.90539E-02 
4.38475E+03 9.15123E-03 
4.38550E+03 6.23532E-02 
4.38625E+03 1.81976E-02 
4.38700E+03 4.22355E-03 
4.38775E+03 2.56276E-02 
4.38850E+03 4.92089E-02 
4.38925E+03 -6.41171E-03 
4.39000E+03 1.34663E-02 
4.39075E+03 -6.23206E-03 
4.39150E+03 9.87938E-03 
4.39225E+03 4.47667E-02 
4.39300E+03 2.95959E-02 
4.39375E+03 -1.36745E-02 
4.39450E+03 4.27805E-02 
4.39525E+03 8.82291E-03 
4.39600E+03 4.62452E-02 
4.39675E+03 1.63925E-02 
4.39750E+03 1.54342E-03 
4.39825E+03 7.00523E-04 
4.39900E+03 2.85071E-02 
4.39975E+03 -1.29899E-02 
4.40050E+03 9.84593E-03 
4.40125E+03 -1.14245E-02 
4.40200E+03 -3.74627E-03 
4.40275E+03 3.45875E-02 
4.40350E+03 1.57573E-02 
4.40425E+03 -1.73010E-03 
4.40500E+03 2.34899E-03 
4.40575E+03 4.50619E-02 
4.40650E+03 -2.76977E-02 
4.40725E+03 6.41522E-03 
4.40800E+03 -1.46076E-02 
4.40875E+03 -2.15068E-02 
4.40950E+03 -9.98430E-03 
4.41025E+03 2.36432E-02 
4.41100E+03 2.74462E-02 
4.41175E+03 3.66477E-03 
4.41250E+03 6.28258E-02 
4.41325E+03 -6.92926E-03 
4.41400E+03 1.11970E-03 
4.41475E+03 1.39304E-02 
4.41550E+03 3.54254E-02 
4.41625E+03 1.78430E-02 
4.41700E+03 6.57185E-02 
4.41775E+03 8.57647E-03 
4.41850E+03 -6.51176E-03 
4.41925E+03 -5.76671E-03 
4.42000E+03 1.59346E-02 
4.42075E+03 4.43872E-03 
4.42150E+03 4.07584E-02 
4.42225E+03 4.08439E-02 
4.42300E+03 -1.99144E-02 
4.42375E+03 1.99847E-02 
4.42450E+03 1.51554E-02 
4.42525E+03 -2.33427E-02 
4.42600E+03 9.23233E-04 
4.42675E+03 -3.11133E-02 
4.42750E+03 1.54814E-02 
4.42825E+03 -1.06934E-02 
4.42900E+03 -1.35640E-02 
4.42975E+03 9.69522E-04 
4.43050E+03 -2.42080E-02 
4.43125E+03 2.03762E-02 
4.43200E+03 1.60303E-02 
4.43275E+03 9.86529E-03 
4.43350E+03 1.70537E-02 
4.43425E+03 3.74950E-02 
4.43500E+03 1.67073E-02 
4.43575E+03 5.97141E-02 
4.43650E+03 2.00581E-03 
4.43725E+03 3.61235E-02 
4.43800E+03 -6.68729E-03 
4.43875E+03 3.02909E-02 
4.43950E+03 2.05409E-02 
4.44025E+03 -5.88000E-03 
4.44100E+03 3.74360E-02 
4.44175E+03 2.61512E-02 
4.44250E+03 1.59783E-02 
4.44325E+03 3.30868E-02 
4.44400E+03 2.43568E-02 
4.44475E+03 -1.55176E-03 
4.44550E+03 1.31926E-02 
4.44625E+03 -2.75062E-02 
4.44700E+03 -1.03552E-02 
4.44775E+03 -8.30959E-03 
4.44850E+03 -6.98610E-03 
4.44925E+03 2.47975E-02 
4.45000E+03 -2.24261E-02 
4.45075E+03 -3.45214E-02 
4.45150E+03 1.57604E-02 
4.45225E+03 -2.70349E-03 
4.45300E+03 1.19033E-02 
4.45375E+03 2.23818E-02 
4.45450E+03 3.04641E-02 
4.45525E+03 9.08294E-03 
4.45600E+03 -3.76205E-03 
4.45675E+03 7.80843E-02 
4.45750E+03 4.22836E-02 
4.45825E+03 2.45713E-02 
4.45900E+03 2.06746E-03 
4.45975E+03 1.99694E-02 
4.46050E+03 3.88300E-02 
4.46125E+03 3.73883E-02 
4.46200E+03 -1.07338E-02 
4.46275E+03 3.36261E-02 
4.46350E+03 6.77241E-02 
4.46425E+03 6.30827E-02 
4.46500E+03 3.79711E-02 
4.46575E+03 5.15929E-02 
4.46650E+03 2.50090E-03 
4.46725E+03 3.25307E-03 
4.46800E+03 1.35409E-03 
4.46875E+03 4.39169E-02 
4.46950E+03 4.55804E-02 
4.47025E+03 9.98640E-02 
4.47100E+03 1.08788E-01 
4.47175E+03 1.31499E-01 
4.47250E+03 8.31711E-02 
4.47325E+03 4.68809E-02 
4.47400E+03 4.97536E-02 
4.47475E+03 9.06438E-03 
4.47550E+03 4.89056E-03 
4.47625E+03 -2.34469E-02 
4.47700E+03 1.59050E-02 
4.47775E+03 1.86110E-02 
4.47850E+03 2.89325E-03 
4.47925E+03 2.03868E-02 
4.48000E+03 2.43526E-02 
4.48075E+03 1.42825E-02 
4.48150E+03 9.36276E-03 
4.48225E+03 -2.18619E-02 
4.48300E+03 -3.83871E-02 
4.48375E+03 4.04921E-03 
4.48450E+03 2.34765E-02 
4.48525E+03 1.55804E-03 
4.48600E+03 -1.78209E-02 
4.48675E+03 1.10189E-02 
4.48750E+03 9.28057E-03 
4.48825E+03 2.01836E-02 
4.48900E+03 2.01534E-04 
4.48975E+03 -2.16645E-03 
4.49050E+03 -2.92035E-02 
4.49125E+03 1.99656E-02 
4.49200E+03 5.43855E-03 
4.49275E+03 1.45085E-02 
4.49350E+03 3.94528E-02 
4.49425E+03 3.00317E-02 
4.49500E+03 1.53649E-02 
4.49575E+03 1.99984E-02 
4.49650E+03 3.15976E-03 
4.49725E+03 -9.00303E-03 
4.49800E+03 2.32644E-02 
4.49875E+03 1.20418E-03 
4.49950E+03 4.04911E-02 
4.50025E+03 2.91468E-02 
4.50100E+03 2.99784E-02 
4.50175E+03 1.48071E-02 
4.50250E+03 1.02326E-02 
4.50325E+03 4.79207E-02 
4.50400E+03 3.71435E-02 
4.50475E+03 -6.01264E-03 
4.50550E+03 2.66309E-03 
4.50625E+03 -4.48414E-02 
4.50700E+03 -1.22688E-02 
4.50775E+03 -2.93147E-02 
4.50850E+03 3.44236E-02 
4.50925E+03 -4.16535E-04 
4.51000E+03 2.81365E-02 
4.51075E+03 2.38876E-02 
4.51150E+03 -5.07019E-03 
4.51225E+03 2.59248E-02 
4.51300E+03 1.61517E-02 
4.51375E+03 3.16895E-02 
4.51450E+03 5.76247E-03 
4.51525E+03 1.97471E-02 
4.51600E+03 3.23835E-02 
4.51675E+03 2.55335E-02 
4.51750E+03 1.37228E-02 
4.51825E+03 -5.32241E-04 
4.51900E+03 7.11753E-03 
4.51975E+03 3.98615E-03 
4.52050E+03 -2.52518E-03 
4.52125E+03 -6.64610E-03 
4.52200E+03 2.81201E-02 
4.52275E+03 4.83317E-02 
4.52350E+03 7.55272E-02 
4.52425E+03 3.78569E-02 
4.52500E+03 -1.92297E-02 
4.52575E+03 -3.15483E-02 
4.52650E+03 1.64307E-02 
4.52725E+03 -3.22490E-02 
4.52800E+03 2.07337E-02 
4.52875E+03 1.49968E-02 
4.52950E+03 2.14157E-02 
4.53025E+03 5.07287E-02 
4.53100E+03 2.81902E-02 
4.53175E+03 2.69135E-02 
4.53250E+03 -1.78182E-02 
4.53325E+03 -3.46185E-03 
4.53400E+03 1.80325E-03 
4.53475E+03 2.27167E-02 
4.53550E+03 4.59407E-02 
4.53625E+03 4.63126E-02 
4.53700E+03 2.43261E-02 
4.53775E+03 1.20634E-02 
4.53850E+03 7.68368E-03 
4.53925E+03 7.27261E-03 
4.54000E+03 -1.70452E-02 
4.54075E+03 1.72090E-02 
4.54150E+03 2.48578E-02 
4.54225E+03 4.20027E-02 
4.54300E+03 3.01784E-02 
4.54375E+03 1.72851E-02 
4.54450E+03 -2.24566E-03 
4.54525E+03 -2.57888E-03 
4.54600E+03 2.68450E-02 
4.54675E+03 7.23039E-03 
4.54750E+03 -1.19563E-02 
4.54825E+03 2.83359E-03 
4.54900E+03 5.08673E-03 
4.54975E+03 4.42975E-02 
4.55050E+03 3.65166E-02 
4.55125E+03 1.88392E-02 
4.55200E+03 -1.32020E-02 
4.55275E+03 9.47056E-03 
4.55350E+03 2.16111E-02 
4.55425E+03 3.06610E-02 
4.55500E+03 2.10909E-02 
4.55575E+03 2.44243E-02 
4.55650E+03 1.65530E-02 
4.55725E+03 1.37567E-02 
4.55800E+03 2.87124E-02 
4.55875E+03 -3.26826E-03 
4.55950E+03 3.20001E-02 
4.56025E+03 2.14471E-03 
4.56100E+03 2.94754E-02 
4.56175E+03 4.97874E-02 
4.56250E+03 3.77757E-02 
4.56325E+03 3.52205E-02 
4.56400E+03 8.13019E-03 
4.56475E+03 3.05869E-02 
4.56550E+03 2.16720E-02 
4.56625E+03 6.49485E-02 
4.56700E+03 6.26404E-02 
4.56775E+03 2.34014E-02 
4.56850E+03 2.34841E-02 
4.56925E+03 2.03637E-02 
4.57000E+03 2.26235E-02 
4.57075E+03 -3.25460E-02 
4.57150E+03 -7.18535E-03 
4.57225E+03 -1.00307E-02 
4.57300E+03 3.10332E-02 
4.57375E+03 2.34265E-02 
4.57450E+03 1.94380E-02 
4.57525E+03 1.03162E-02 
4.57600E+03 4.06096E-02 
4.57675E+03 4.33650E-02 
4.57750E+03 -1.47056E-03 
4.57825E+03 2.52281E-02 
4.57900E+03 3.93478E-02 
4.57975E+03 1.77582E-03 
4.58050E+03 3.05752E-03 
4.58125E+03 4.45670E-02 
4.58200E+03 4.15303E-02 
4.58275E+03 2.73419E-02 
4.58350E+03 -1.10273E-03 
4.58425E+03 -2.47441E-02 
4.58500E+03 2.85728E-03 
4.58575E+03 8.21718E-03 
4.58650E+03 -1.45361E-02 
4.58725E+03 1.18241E-02 
4.58800E+03 -4.00659E-02 
4.58875E+03 -5.38425E-03 
4.58950E+03 -2.65636E-02 
4.59025E+03 7.54164E-03 
4.59100E+03 -1.21964E-02 
4.59175E+03 3.15269E-02 
4.59250E+03 3.03886E-02 
4.59325E+03 3.08256E-02 
4.59400E+03 3.68023E-03 
4.59475E+03 -1.34796E-01 
4.59550E+03 -6.79272E-02 
4.59625E+03 -1.85435E-02 
4.59700E+03 6.93429E-02 
4.59775E+03 1.49373E-02 
4.59850E+03 1.04169E-02 
4.59925E+03 1.32976E-02 
4.60000E+03 6.81187E-03 
4.60075E+03 1.11329E-02 
4.60150E+03 3.81446E-02 
4.60225E+03 -3.76963E-03 
4.60300E+03 2.65581E-02 
4.60375E+03 4.42016E-03 
4.60450E+03 2.35445E-03 
4.60525E+03 3.96527E-03 
4.60600E+03 3.14483E-02 
4.60675E+03 3.78712E-02 
4.60750E+03 6.11296E-02 
4.60825E+03 1.60217E-02 
4.60900E+03 3.58245E-02 
4.60975E+03 2.03035E-02 
4.61050E+03 2.74335E-02 
4.61125E+03 -7.49227E-04 
4.61200E+03 -1.25396E-02 
4.61275E+03 3.39210E-02 
4.61350E+03 1.36016E-02 
4.61425E+03 8.82734E-03 
4.61500E+03 -6.00176E-03 
4.61575E+03 -2.14215E-02 
4.61650E+03 2.39358E-02 
4.61725E+03 6.96777E-02 
4.61800E+03 4.94826E-02 
4.61875E+03 6.48112E-02 
4.61950E+03 3.19369E-02 
4.62025E+03 6.00001E-02 
4.62100E+03 2.37279E-02 
4.62175E+03 3.91045E-02 
4.62250E+03 2.36739E-02 
4.62325E+03 4.15872E-02 
4.62400E+03 4.59245E-02 
4.62475E+03 2.72682E-02 
4.62550E+03 9.49454E-03 
4.62625E+03 2.80842E-02 
4.62700E+03 5.20897E-02 
4.62775E+03 4.74461E-02 
4.62850E+03 3.07758E-02 
4.62925E+03 2.79522E-02 
4.63000E+03 -1.42381E-02 
4.63075E+03 1.30404E-02 
4.63150E+03 4.51716E-02 
4.63225E+03 -2.86181E-02 
4.63300E+03 1.15856E-02 
4.63375E+03 2.55670E-02 
4.63450E+03 5.07180E-02 
4.63525E+03 3.92727E-02 
4.63600E+03 1.58300E-02 
4.63675E+03 1.21929E-02 
4.63750E+03 -2.57640E-03 
4.63825E+03 -1.47630E-02 
4.63900E+03 3.26451E-02 
4.63975E+03 3.09968E-02 
4.64050E+03 1.35037E-02 
4.64125E+03 3.26853E-02 
4.64200E+03 1.80997E-02 
4.64275E+03 4.39223E-03 
4.64350E+03 -1.12166E-04 
4.64425E+03 4.24234E-02 
4.64500E+03 8.14994E-02 
4.64575E+03 8.73077E-02 
4.64650E+03 1.09664E-01 
4.64725E+03 7.34401E-02 
4.64800E+03 9.84924E-02 
4.64875E+03 9.60369E-02 
4.64950E+03 7.20498E-02 
4.65025E+03 6.95483E-02 
4.65100E+03 3.17131E-02 
4.65175E+03 7.07671E-02 
4.65250E+03 8.60073E-02 
4.65325E+03 1.06284E-01 
4.65400E+03 3.63135E-02 
4.65475E+03 3.34171E-02 
4.65550E+03 9.02273E-02 
4.65625E+03 9.73490E-02 
4.65700E+03 1.21618E-01 
4.65775E+03 9.27426E-02 
4.65850E+03 5.83930E-02 
4.65925E+03 7.72102E-02 
4.66000E+03 8.19390E-02 
4.66075E+03 5.38681E-02 
4.66150E+03 9.52879E-02 
4.66225E+03 3.16614E-02 
4.66300E+03 2.25794E-02 
4.66375E+03 1.73272E-02 
4.66450E+03 5.77073E-02 
4.66525E+03 1.83418E-02 
4.66600E+03 5.54038E-02 
4.66675E+03 8.10257E-02 
4.66750E+03 7.85099E-02 
4.66825E+03 7.99682E-02 
4.66900E+03 5.43737E-02 
4.66975E+03 4.16473E-02 
4.67050E+03 1.48056E-02 
4.67125E+03 -8.37934E-04 
4.67200E+03 1.59231E-02 
4.67275E+03 5.05332E-02 
4.67350E+03 2.91018E-02 
4.67425E+03 -2.55185E-03 
4.67500E+03 -1.89384E-02 
4.67575E+03 6.34736E-02 
4.67650E+03 5.02175E-02 
4.67725E+03 2.22172E-02 
4.67800E+03 1.48659E-02 
4.67875E+03 4.51571E-03 
4.67950E+03 4.67255E-03 
4.68025E+03 2.45972E-02 
4.68100E+03 -2.25489E-02 
4.68175E+03 6.85815E-03 
4.68250E+03 1.45152E-02 
4.68325E+03 4.24102E-02 
4.68400E+03 1.30149E-01 
4.68475E+03 1.47933E-01 
4.68550E+03 1.45657E-01 
4.68625E+03 1.03184E-01 
4.68700E+03 2.64513E-02 
4.68775E+03 6.44132E-02 
4.68850E+03 6.58243E-02 
4.68925E+03 1.19763E-01 
4.69000E+03 4.11204E-02 
4.69075E+03 5.01291E-02 
4.69150E+03 3.73307E-02 
4.69225E+03 6.60362E-02 
4.69300E+03 7.62681E-02 
4.69375E+03 5.57412E-02 
4.69450E+03 4.50467E-02 
4.69525E+03 4.60547E-02 
4.69600E+03 4.02819E-02 
4.69675E+03 -2.63722E-03 
4.69750E+03 7.54971E-02 
4.69825E+03 2.46234E-02 
4.69900E+03 1.70254E-03 
4.69975E+03 1.56545E-02 
4.70050E+03 -1.36175E-02 
4.70125E+03 5.08517E-02 
4.70200E+03 3.46450E-02 
4.70275E+03 1.84294E-02 
4.70350E+03 2.70608E-02 
4.70425E+03 5.17890E-02 
4.70500E+03 4.20479E-02 
4.70575E+03 3.42971E-02 
4.70650E+03 4.05897E-02 
4.70725E+03 4.70551E-02 
4.70800E+03 1.23071E-02 
4.70875E+03 6.05513E-02 
4.70950E+03 8.55582E-02 
4.71025E+03 1.13458E-01 
4.71100E+03 1.15527E-01 
4.71175E+03 1.15685E-01 
4.71250E+03 1.35908E-01 
4.71325E+03 8.21046E-02 
4.71400E+03 8.77220E-02 
4.71475E+03 2.15387E-02 
4.71550E+03 5.40568E-02 
4.71625E+03 2.73102E-02 
4.71700E+03 6.40526E-02 
4.71775E+03 3.07106E-02 
4.71850E+03 -4.62940E-03 
4.71925E+03 2.97507E-02 
4.72000E+03 9.33592E-03 
4.72075E+03 1.24583E-03 
4.72150E+03 -2.51152E-02 
4.72225E+03 2.03685E-02 
4.72300E+03 3.31074E-02 
4.72375E+03 3.65793E-02 
4.72450E+03 1.14124E-02 
4.72525E+03 3.29820E-02 
4.72600E+03 -2.69492E-02 
4.72675E+03 -1.08056E-03 
4.72750E+03 1.14995E-02 
4.72825E+03 8.68176E-04 
4.72900E+03 -3.72800E-03 
4.72975E+03 -1.94835E-02 
4.73050E+03 -2.48117E-02 
4.73125E+03 5.58532E-03 
4.73200E+03 8.29219E-03 
4.73275E+03 -2.49335E-02 
4.73350E+03 2.20058E-02 
4.73425E+03 1.45438E-02 
4.73500E+03 -3.76897E-04 
4.73575E+03 -1.91371E-02 
4.73650E+03 -2.09667E-02 
4.73725E+03 4.84350E-02 
4.73800E+03 5.05787E-02 
4.73875E+03 1.06900E-01 
4.73950E+03 1.12635E-01 
4.74025E+03 1.35972E-01 
4.74100E+03 9.14078E-02 
4.74175E+03 1.21265E-01 
4.74250E+03 4.57533E-02 
4.74325E+03 4.03252E-02 
4.74400E+03 3.17808E-02 
4.74475E+03 3.83390E-02 
4.74550E+03 -1.38288E-03 
4.74625E+03 1.91515E-02 
4.74700E+03 -7.56683E-03 
4.74775E+03 1.31460E-02 
4.74850E+03 -1.05100E-02 
4.74925E+03 -4.57146E-03 
4.75000E+03 -2.19994E-03 
4.75075E+03 -1.24242E-02 
4.75150E+03 1.04217E-02 
4.75225E+03 3.31190E-02 
4.75300E+03 1.49019E-02 
4.75375E+03 -8.76206E-03 
4.75450E+03 -3.39366E-02 
4.75525E+03 -1.05827E-02 
4.75600E+03 2.05852E-02 
4.75675E+03 -1.24539E-02 
4.75750E+03 1.35962E-03 
4.75825E+03 2.14573E-02 
4.75900E+03 2.55715E-02 
4.75975E+03 4.23682E-03 
4.76050E+03 3.34803E-02 
4.76125E+03 -3.56710E-03 
4.76200E+03 1.47072E-02 
4.76275E+03 2.75648E-02 
4.76350E+03 4.72889E-03 
4.76425E+03 -2.11544E-02 
4.76500E+03 -2.57730E-03 
4.76575E+03 2.76956E-02 
4.76650E+03 4.07671E-03 
4.76725E+03 4.01206E-02 
4.76800E+03 5.58698E-03 
4.76875E+03 -3.27701E-02 
4.76950E+03 -8.90367E-03 
4.77025E+03 6.27949E-03 
4.77100E+03 -6.64282E-03 
4.77175E+03 2.90272E-02 
4.77250E+03 2.57303E-02 
4.77325E+03 3.20754E-02 
4.77400E+03 7.55853E-02 
4.77475E+03 5.35420E-02 
4.77550E+03 2.59768E-02 
4.77625E+03 1.20764E-02 
4.77700E+03 2.88939E-02 
4.77775E+03 3.92615E-02 
4.77850E+03 1.87902E-04 
4.77925E+03 -2.09664E-03 
4.78000E+03 2.62291E-02 
4.78075E+03 5.01489E-02 
4.78150E+03 -5.55220E-03 
4.78225E+03 3.67213E-02 
4.78300E+03 7.91506E-03 
4.78375E+03 -1.10508E-02 
4.78450E+03 -1.86225E-02 
4.78525E+03 3.02960E-02 
4.78600E+03 2.91247E-02 
4.78675E+03 3.22136E-02 
4.78750E+03 1.46133E-02 
4.78825E+03 -1.44865E-02 
4.78900E+03 2.67915E-02 
4.78975E+03 -2.40561E-02 
4.79050E+03 1.27627E-03 
4.79125E+03 5.62289E-02 
4.79200E+03 4.75453E-02 
4.79275E+03 -1.31663E-02 
4.79350E+03 -1.44518E-02 
4.79425E+03 3.85907E-02 
4.79500E+03 5.10294E-03 
4.79575E+03 -1.26003E-02 
4.79650E+03 -1.27504E-02 
4.79725E+03 -3.28846E-02 
4.79800E+03 8.11312E-03 
4.79875E+03 -1.29736E-02 
4.79950E+03 -5.23711E-02 
4.80025E+03 -2.44339E-03 
4.80100E+03 1.89260E-02 
4.80175E+03 -1.81239E-03 
4.80250E+03 -5.86091E-03 
4.80325E+03 1.40063E-02 
4.80400E+03 3.10963E-02 
4.80475E+03 9.63186E-03 
4.80550E+03 -8.03143E-03 
4.80625E+03 5.84727E-03 
4.80700E+03 4.71442E-02 
4.80775E+03 4.42625E-02 
4.80850E+03 1.62976E-02 
4.80925E+03 -1.80643E-03 
4.81000E+03 7.84902E-03 
4.81075E+03 -1.24990E-02 
4.81150E+03 -2.42712E-02 
4.81225E+03 -7.71468E-03 
4.81300E+03 1.85731E-02 
4.81375E+03 -2.13870E-02 
4.81450E+03 -3.03367E-03 
4.81525E+03 2.84900E-02 
4.81600E+03 9.94132E-03 
4.81675E+03 2.69926E-02 
4.81750E+03 2.62239E-02 
4.81825E+03 -3.05822E-03 
4.81900E+03 -1.93685E-02 
4.81975E+03 1.96772E-02 
4.82050E+03 3.53917E-02 
4.82125E+03 -8.34837E-03 
4.82200E+03 -1.62229E-02 
4.82275E+03 -1.02772E-02 
4.82350E+03 -6.83350E-03 
4.82425E+03 -2.65608E-02 
4.82500E+03 -1.21725E-02 
4.82575E+03 1.05942E-02 
4.82650E+03 -1.18244E-02 
4.82725E+03 -8.62604E-03 
4.82800E+03 -1.70025E-02 
4.82875E+03 7.50997E-03 
4.82950E+03 9.34552E-03 
4.83025E+03 -1.73291E-02 
4.83100E+03 2.47426E-04 
4.83175E+03 6.20147E-03 
4.83250E+03 -2.82600E-02 
4.83325E+03 -1.95191E-02 
4.83400E+03 2.37743E-02 
4.83475E+03 1.72338E-02 
4.83550E+03 4.25313E-03 
4.83625E+03 -1.61373E-02 
4.83700E+03 9.70114E-03 
4.83775E+03 -1.28899E-02 
4.83850E+03 1.41405E-03 
4.83925E+03 5.18301E-03 
4.84000E+03 -1.93205E-02 
4.84075E+03 3.06623E-03 
4.84150E+03 3.61499E-02 
4.84225E+03 2.45742E-02 
4.84300E+03 -7.38752E-03 
4.84375E+03 1.24734E-02 
4.84450E+03 1.85864E-02 
4.84525E+03 -2.52731E-02 
4.84600E+03 2.27621E-02 
4.84675E+03 -3.02971E-02 
4.84750E+03 -5.35614E-02 
4.84825E+03 -6.28723E-04 
4.84900E+03 -1.66495E-02 
4.84975E+03 8.17039E-03 
4.85050E+03 2.44208E-02 
4.85125E+03 4.26346E-02 
4.85200E+03 4.18684E-02 
4.85275E+03 4.42185E-02 
4.85350E+03 4.92477E-02 
4.85425E+03 5.89175E-02 
4.85500E+03 3.67864E-02 
4.85575E+03 -2.98259E-02 
4.85650E+03 -6.50088E-03 
4.85725E+03 -2.71099E-02 
4.85800E+03 -2.14277E-02 
4.85875E+03 4.27412E-02 
4.85950E+03 1.07791E-01 
4.86025E+03 1.13164E-01 
4.86100E+03 1.72406E-01 
4.86175E+03 1.04654E-01 
4.86250E+03 -4.06208E-02 
4.86325E+03 -9.27416E-02 
4.86400E+03 -8.82552E-02 
4.86475E+03 2.85386E-02 
4.86550E+03 4.31722E-03 
4.86625E+03 6.21838E-03 
4.86700E+03 9.25053E-03 
4.86775E+03 1.85798E-02 
4.86850E+03 -7.41783E-03 
4.86925E+03 7.96161E-03 
4.87000E+03 1.05694E-02 
4.87075E+03 2.16077E-02 
4.87150E+03 2.80995E-02 
4.87225E+03 6.67385E-02 
4.87300E+03 2.74846E-02 
4.87375E+03 1.92812E-03 
4.87450E+03 -4.57213E-02 
4.87525E+03 -3.88028E-02 
4.87600E+03 -8.18436E-03 
4.87675E+03 -9.75683E-03 
4.87750E+03 1.68035E-02 
4.87825E+03 1.43801E-02 
4.87900E+03 3.96488E-02 
4.87975E+03 6.00960E-03 
4.88050E+03 8.78952E-03 
4.88125E+03 2.67830E-02 
4.88200E+03 2.67027E-02 
4.88275E+03 4.06814E-02 
4.88350E+03 2.91652E-02 
4.88425E+03 5.62539E-02 
4.88500E+03 5.76761E-02 
4.88575E+03 4.84020E-02 
4.88650E+03 4.35989E-02 
4.88725E+03 6.52222E-03 
4.88800E+03 -5.84751E-03 
4.88875E+03 -1.18878E-02 
4.88950E+03 3.41056E-02 
4.89025E+03 1.55874E-02 
4.89100E+03 1.56379E-02 
4.89175E+03 1.12891E-02 
4.89250E+03 1.08748E-02 
4.89325E+03 -9.23789E-03 
4.89400E+03 4.26842E-02 
4.89475E+03 -3.16675E-03 
4.89550E+03 3.59959E-02 
4.89625E+03 2.19009E-02 
4.89700E+03 -2.26254E-02 
4.89775E+03 -6.39411E-03 
4.89850E+03 3.64567E-02 
4.89925E+03 3.61529E-02 
4.90000E+03 8.93395E-03 
4.90075E+03 -9.54302E-04 
4.90150E+03 -2.38253E-02 
4.90225E+03 3.47369E-02 
4.90300E+03 2.57901E-02 
4.90375E+03 4.23974E-02 
4.90450E+03 2.80154E-02 
4.90525E+03 1.82239E-02 
4.90600E+03 6.72362E-02 
4.90675E+03 3.76159E-02 
4.90750E+03 4.35269E-03 
4.90825E+03 1.61745E-02 
4.90900E+03 2.97916E-02 
4.90975E+03 -1.57868E-02 
4.91050E+03 2.06951E-02 
4.91125E+03 2.80991E-02 
4.91200E+03 5.87402E-02 
4.91275E+03 4.32964E-02 
4.91350E+03 1.10996E-02 
4.91425E+03 1.75286E-02 
4.91500E+03 -7.57992E-03 
4.91575E+03 -2.88375E-02 
4.91650E+03 -6.39887E-03 
4.91725E+03 1.51086E-03 
4.91800E+03 -5.00249E-03 
4.91875E+03 -2.11534E-02 
4.91950E+03 -2.54871E-03 
4.92025E+03 1.46019E-02 
4.92100E+03 5.98888E-02 
4.92175E+03 7.05531E-02 
4.92250E+03 7.42717E-02 
4.92325E+03 1.03082E-01 
4.92400E+03 7.20823E-02 
4.92475E+03 6.79307E-03 
4.92550E+03 3.74360E-02 
4.92625E+03 4.90652E-02 
4.92700E+03 1.17001E-02 
4.92775E+03 -3.15334E-02 
4.92850E+03 -3.52736E-02 
4.92925E+03 1.14257E-02 
4.93000E+03 1.33561E-02 
4.93075E+03 3.85945E-02 
4.93150E+03 3.12161E-02 
4.93225E+03 2.76331E-02 
4.93300E+03 -2.15918E-02 
4.93375E+03 4.05993E-02 
4.93450E+03 2.11629E-02 
4.93525E+03 1.07696E-02 
4.93600E+03 -1.46709E-04 
4.93675E+03 -2.86362E-02 
4.93750E+03 1.97205E-02 
4.93825E+03 3.73839E-02 
4.93900E+03 -1.74399E-02 
4.93975E+03 1.04902E-02 
4.94050E+03 -8.68255E-03 
4.94125E+03 2.36796E-02 
4.94200E+03 9.39727E-03 
4.94275E+03 -2.97152E-02 
4.94350E+03 4.24537E-02 
4.94425E+03 5.81134E-02 
4.94500E+03 4.67316E-02 
4.94575E+03 2.60168E-02 
4.94650E+03 5.76576E-02 
4.94725E+03 3.93143E-02 
4.94800E+03 3.34297E-02 
4.94875E+03 3.08833E-02 
4.94950E+03 9.88660E-03 
4.95025E+03 3.70056E-02 
4.95100E+03 3.65437E-02 
4.95175E+03 -1.16667E-02 
4.95250E+03 -6.54803E-03 
4.95325E+03 1.14129E-01 
4.95400E+03 1.64283E-01 
4.95475E+03 4.86679E-01 
4.95550E+03 1.92888E+00 
4.95625E+03 6.28938E+00 
4.95700E+03 1.51724E+01 
4.95775E+03 2.72424E+01 
4.95850E+03 3.65890E+01 
4.95925E+03 3.50477E+01 
4.96000E+03 2.68196E+01 
4.96075E+03 1.83071E+01 
4.96150E+03 1.05581E+01 
4.96225E+03 5.28078E+00 
4.96300E+03 2.46095E+00 
4.96375E+03 1.04312E+00 
4.96450E+03 4.81112E-01 
4.96525E+03 2.21256E-01 
4.96600E+03 5.79220E-02 
4.96675E+03 3.05406E-02 
4.96750E+03 2.99516E-02 
4.96825E+03 5.94263E-02 
4.96900E+03 5.65805E-02 
4.96975E+03 6.49453E-02 
4.97050E+03 2.59977E-02 
4.97125E+03 3.48987E-02 
4.97200E+03 2.88213E-02 
4.97275E+03 2.25247E-02 
4.97350E+03 3.14640E-02 
4.97425E+03 5.67277E-03 
4.97500E+03 5.59197E-03 
4.97575E+03 3.15228E-02 
4.97650E+03 4.10360E-02 
4.97725E+03 3.66240E-02 
4.97800E+03 9.40494E-03 
4.97875E+03 -1.78824E-02 
4.97950E+03 -4.47994E-03 
4.98025E+03 -3.69329E-02 
4.98100E+03 -1.69923E-03 
4.98175E+03 2.03800E-02 
4.98250E+03 3.62973E-02 
4.98325E+03 5.33807E-02 
4.98400E+03 2.01283E-02 
4.98475E+03 1.99632E-03 
4.98550E+03 1.73478E-02 
4.98625E+03 3.07762E-02 
4.98700E+03 -3.88444E-03 
4.98775E+03 -2.28584E-02 
4.98850E+03 -2.33113E-03 
4.98925E+03 2.68195E-03 
4.99000E+03 -5.33869E-02 
4.99075E+03 -4.64032E-02 
4.99150E+03 3.04654E-03 
4.99225E+03 -5.01735E-04 
4.99300E+03 1.88134E-03 
4.99375E+03 5.20714E-03 
4.99450E+03 2.20617E-02 
4.99525E+03 2.49463E-02 
4.99600E+03 -5.03793E-03 
4.99675E+03 3.42492E-03 
4.99750E+03 2.56850E-02 
4.99825E+03 4.41134E-02 
4.99900E+03 5.40357E-02 
4.99975E+03 1.24131E-01 
5.00050E+03 1.39853E-01 
5.00125E+03 3.11316E-01 
5.00200E+03 7.06794E-01 
5.00275E+03 2.17733E+00 
5.00350E+03 8.58320E+00 
5.00425E+03 2.52081E+01 
5.00500E+03 5.53210E+01 
5.00575E+03 9.41381E+01 
5.00650E+03 1.16384E+02 
5.00725E+03 1.04403E+02 
5.00800E+03 7.78093E+01 
5.00875E+03 5.07513E+01 
5.00950E+03 2.87037E+01 
5.01025E+03 1.42847E+01 
5.01100E+03 6.24350E+00 
5.01175E+03 2.67373E+00 
5.01250E+03 1.21089E+00 
5.01325E+03 5.77348E-01 
5.01400E+03 3.82733E-01 
5.01475E+03 2.53119E-01 
5.01550E+03 2.00204E-01 
5.01625E+03 1.77042E-01 
5.01700E+03 8.66846E-02 
5.01775E+03 9.62141E-02 
5.01850E+03 8.70908E-02 
5.01925E+03 3.65793E-02 
5.02000E+03 5.52452E-02 
5.02075E+03 4.84373E-02 
5.02150E+03 4.14988E-02 
5.02225E+03 4.42262E-02 
5.02300E+03 7.09521E-02 
5.02375E+03 7.24938E-03 
5.02450E+03 1.39168E-02 
5.02525E+03 4.11261E-02 
5.02600E+03 2.37132E-02 
5.02675E+03 -1.91615E-03 
5.02750E+03 1.49951E-04 
5.02825E+03 7.11053E-02 
5.02900E+03 2.08234E-03 
5.02975E+03 -1.21340E-02 
5.03050E+03 2.92312E-02 
5.03125E+03 -5.72138E-03 
5.03200E+03 -3.82826E-03 
5.03275E+03 -2.30274E-02 
5.03350E+03 -4.04635E-02 
5.03425E+03 4.78541E-04 
5.03500E+03 -5.22326E-02 
5.03575E+03 -4.91852E-03 
5.03650E+03 9.22042E-04 
5.03725E+03 4.60078E-04 
5.03800E+03 3.51896E-02 
5.03875E+03 3.58943E-02 
5.03950E+03 4.06595E-02 
5.04025E+03 5.17030E-02 
5.04100E+03 6.83429E-02 
5.04175E+03 4.12985E-02 
5.04250E+03 9.37804E-02 
5.04325E+03 7.58006E-02 
5.04400E+03 7.28602E-02 
5.04475E+03 -1.02728E-02 
5.04550E+03 -7.31846E-03 
5.04625E+03 -5.46993E-02 
5.04700E+03 -1.03550E-02 
5.04775E+03 -4.72605E-03 
5.04850E+03 -5.90756E-02 
5.04925E+03 -5.56050E-02 
5.05000E+03 -7.70649E-02 
5.05075E+03 9.24877E-03 
5.05150E+03 -9.24050E-03 
5.05225E+03 -1.95296E-02 
5.05300E+03 1.18517E-02 
5.05375E+03 2.52552E-02 
5.05450E+03 9.32573E-03 
5.05525E+03 4.58312E-02 
5.05600E+03 8.19350E-02 
5.05675E+03 3.32074E-02 
5.05750E+03 -6.70936E-02 
5.05825E+03 -6.42744E-02 
5.05900E+03 1.26962E-02 
5.05975E+03 8.68235E-02 
5.06050E+03 1.23217E-03 
5.06125E+03 -1.12212E-03 
5.06200E+03 1.88952E-02 
5.06275E+03 7.61435E-02 
5.06350E+03 3.82029E-02 
5.06425E+03 2.54696E-03 
5.06500E+03 2.98663E-02 
5.06575E+03 -3.19607E-02 
5.06650E+03 -2.24736E-02 
5.06725E+03 6.76716E-02 
5.06800E+03 1.78322E-02 
5.06875E+03 1.62022E-02 
5.06950E+03 9.17054E-02 
5.07025E+03 -2.36222E-02 
5.07100E+03 -5.03002E-03 
5.07175E+03 5.25090E-02 
5.07250E+03 5.04149E-02 
5.07325E+03 6.77252E-02 
5.07400E+03 1.16127E-01 
5.07475E+03 8.03442E-02 
5.07550E+03 3.55323E-02 
5.07625E+03 6.91301E-02 
5.07700E+03 5.95440E-02 
5.07775E+03 5.10805E-02 
5.07850E+03 3.11011E-02 
5.07925E+03 5.69038E-02 
5.08000E+03 -3.82228E-02 
5.08075E+03 4.02800E-02 
5.08150E+03 7.41153E-02 
5.08225E+03 4.33114E-02 
5.08300E+03 7.03563E-02 
5.08375E+03 -6.09434E-03 
5.08450E+03 5.93226E-02 
5.08525E+03 -2.52137E-02 
5.08600E+03 4.31511E-02 
5.08675E+03 2.06860E-02 
5.08750E+03 -1.94514E-02 
5.08825E+03 6.91480E-02 
5.08900E+03 1.51140E-01 
5.08975E+03 1.25371E-01 
5.09050E+03 1.03063E-02 
5.09125E+03 2.07811E-03 
5.09200E+03 9.58274E-02 
5.09275E+03 -3.49125E-02 
5.09350E+03 1.29337E-02 
5.09425E+03 -1.45013E-02 
5.09500E+03 2.33443E-02 
5.09575E+03 9.22665E-02 
5.09650E+03 1.16540E-02 
5.09725E+03 9.45595E-02 
5.09800E+03 -7.24615E-02 
5.09875E+03 1.27149E-01 
5.09950E+03 9.51456E-02 
5.10025E+03 1.96289E-01 
5.10100E+03 -9.97021E-03 
5.10175E+03 1.36029E-01 
5.10250E+03 -1.59376E-01 
5.10325E+03 1.74007E-01 
5.10400E+03 9.68431E-02 
5.10475E+03 -5.80847E-02 
5.10550E+03 1.57315E-02 
5.10625E+03 -1.07559E-01 
5.10700E+03 -7.42966E-02 
5.10775E+03 1.00546E-01 
5.10850E+03 7.24312E-02 
5.10925E+03 -1.07136E-01 
5.11000E+03 7.48287E-03 
5.11075E+03 5.24856E-03 
5.11150E+03 -2.40683E-02 
5.11225E+03 7.58526E-02 
5.11300E+03 -1.63373E-01 
5.11375E+03 -5.40545E-02 
5.11450E+03 4.36399E-02 
5.11525E+03 1.78256E-01 
5.11600E+03 2.84695E-01 
5.11675E+03 2.04301E-01 
5.11750E+03 -2.58088E-01 
5.11825E+03 -1.21392E-01 
5.11900E+03 -6.43650E-02 
5.11975E+03 -3.17139E-02 
5.12050E+03 -2.27039E-01 
5.12125E+03 6.72264E-02 
5.12200E+03 4.77836E-02 
5.12275E+03 2.90715E-01 
5.12350E+03 3.97212E-01 
5.12425E+03 4.59416E-01 
5.12500E+03 6.69278E-02 
5.12575E+03 -1.72536E-01 
5.12650E+03 -3.81415E-01 
5.12725E+03 3.35556E-01 
5.12800E+03 -1.97337E-01 
5.12875E+03 3.98686E-02 
5.12950E+03 9.31754E-02 
5.13025E+03 1.18504E-01 
5.13100E+03 -1.19806E-01 
5.13175E+03 1.28620E-01 
5.13250E+03 -1.64310E-01 
5.13325E+03 3.10914E-03 
5.13400E+03 -2.22425E-01 
5.13475E+03 1.48429E-01 
5.13550E+03 -3.19177E-01 
5.13625E+03 2.86786E-01 
5.13700E+03 5.13053E-02 
5.13775E+03 7.30273E-02 
5.13850E+03 2.76600E-01 
5.13925E+03 6.23253E-01 
5.14000E+03 -3.09276E-01 
5.14075E+03 -2.88478E-01 
5.14150E+03 -2.59046E-01 
5.14225E+03 1.14902E-01 
5.14300E+03 -5.46350E-01 
5.14375E+03 -7.55564E-02 
5.14450E+03 -1.38367E-01 
5.14525E+03 1.96892E-01 
5.14600E+03 -2.55762E-02 
5.14675E+03 -6.36747E-01 
5.14750E+03 -4.02398E-02 
5.14825E+03 -1.22496E-01 
5.14900E+03 0.00000E+00 
5.14975E+03 0.00000E+00 
5.15050E+03 0.00000E+00 
5.15125E+03 0.00000E+00 
5.15200E+03 0.00000E+00 
5.15275E+03 0.00000E+00 
5.15350E+03 0.00000E+00 
5.15425E+03 0.00000E+00 
5.15500E+03 0.00000E+00 
5.15575E+03 0.00000E+00 
5.15650E+03 0.00000E+00 
5.15725E+03 0.00000E+00 
5.15800E+03 0.00000E+00 
5.15875E+03 0.00000E+00 
5.15950E+03 0.00000E+00 
5.16025E+03 0.00000E+00 
5.16100E+03 0.00000E+00 
5.16175E+03 0.00000E+00 
5.16250E+03 0.00000E+00 
5.16325E+03 0.00000E+00 
5.16400E+03 0.00000E+00 
5.16475E+03 0.00000E+00 
5.16550E+03 0.00000E+00 
5.16625E+03 0.00000E+00 
5.16700E+03 0.00000E+00 
5.16775E+03 0.00000E+00 
5.16850E+03 0.00000E+00 
5.16925E+03 0.00000E+00 
5.17000E+03 0.00000E+00 
5.17075E+03 0.00000E+00 
5.17150E+03 0.00000E+00 
5.17225E+03 0.00000E+00 
5.17300E+03 0.00000E+00 
5.17375E+03 0.00000E+00 
5.17450E+03 0.00000E+00 
5.17525E+03 0.00000E+00 
5.17600E+03 0.00000E+00 
5.17675E+03 0.00000E+00 
5.17750E+03 0.00000E+00 
5.17825E+03 0.00000E+00 
5.17900E+03 0.00000E+00 
5.17975E+03 0.00000E+00 
5.18050E+03 0.00000E+00 
5.18125E+03 0.00000E+00 
5.18200E+03 0.00000E+00 
5.18275E+03 0.00000E+00 
5.18350E+03 0.00000E+00 
5.18425E+03 0.00000E+00 
5.18500E+03 0.00000E+00 
5.18575E+03 0.00000E+00 
5.18650E+03 0.00000E+00 
5.18725E+03 0.00000E+00 
5.18800E+03 0.00000E+00 
5.18875E+03 0.00000E+00 
5.18950E+03 0.00000E+00 
5.19025E+03 0.00000E+00 
5.19100E+03 0.00000E+00 
5.19175E+03 0.00000E+00 
5.19250E+03 0.00000E+00 
5.19325E+03 0.00000E+00 
5.19400E+03 0.00000E+00 
5.19475E+03 0.00000E+00 
5.19550E+03 0.00000E+00 
5.19625E+03 0.00000E+00 
5.19700E+03 0.00000E+00 
5.19775E+03 0.00000E+00 
5.19850E+03 0.00000E+00 
5.19925E+03 0.00000E+00 
