5.10000E+03 -3.38504E-02 
5.10140E+03 -1.10436E-02 
5.10280E+03 -2.81631E-02 
5.10420E+03 -3.97455E-03 
5.10560E+03 -2.96530E-02 
5.10700E+03 3.36791E-02 
5.10840E+03 2.94606E-02 
5.10980E+03 9.90722E-02 
5.11120E+03 -4.83687E-03 
5.11260E+03 2.64103E-02 
5.11400E+03 4.78827E-02 
5.11540E+03 5.08871E-02 
5.11680E+03 -4.35797E-03 
5.11820E+03 2.74551E-02 
5.11960E+03 2.61472E-03 
5.12100E+03 -1.61459E-02 
5.12240E+03 1.63905E-02 
5.12380E+03 -6.51213E-03 
5.12520E+03 -2.85592E-04 
5.12660E+03 1.07895E-02 
5.12800E+03 -2.46473E-02 
5.12940E+03 5.20196E-02 
5.13080E+03 -4.80271E-02 
5.13220E+03 1.00662E-02 
5.13360E+03 6.78263E-02 
5.13500E+03 7.94424E-02 
5.13640E+03 6.06391E-02 
5.13780E+03 3.75642E-02 
5.13920E+03 -5.49248E-05 
5.14060E+03 8.27010E-03 
5.14200E+03 9.39063E-03 
5.14340E+03 3.60227E-02 
5.14480E+03 7.99943E-03 
5.14620E+03 9.50610E-02 
5.14760E+03 6.40108E-02 
5.14900E+03 2.09644E-02 
5.15040E+03 5.75852E-02 
5.15180E+03 -3.38711E-03 
5.15320E+03 1.72246E-02 
5.15460E+03 2.37873E-02 
5.15600E+03 -1.61343E-02 
5.15740E+03 -1.27552E-02 
5.15880E+03 2.12433E-02 
5.16020E+03 3.60912E-02 
5.16160E+03 3.61532E-02 
5.16300E+03 1.43425E-02 
5.16440E+03 -3.45777E-02 
5.16580E+03 2.34523E-02 
5.16720E+03 -2.09337E-02 
5.16860E+03 1.37534E-02 
5.17000E+03 1.84955E-02 
5.17140E+03 -2.35925E-02 
5.17280E+03 -7.72694E-03 
5.17420E+03 6.86998E-02 
5.17560E+03 5.63897E-02 
5.17700E+03 3.64933E-02 
5.17840E+03 4.09171E-02 
5.17980E+03 3.08534E-02 
5.18120E+03 1.71462E-02 
5.18260E+03 1.24570E-02 
5.18400E+03 3.38935E-02 
5.18540E+03 3.28203E-02 
5.18680E+03 7.20448E-02 
5.18820E+03 5.94187E-02 
5.18960E+03 6.10800E-02 
5.19100E+03 6.80520E-02 
5.19240E+03 6.54516E-02 
5.19380E+03 7.13639E-02 
5.19520E+03 1.51176E-01 
5.19660E+03 2.32936E-01 
5.19800E+03 3.05396E-01 
5.19940E+03 3.41895E-01 
5.20080E+03 2.77925E-01 
5.20220E+03 1.84054E-01 
5.20360E+03 5.07429E-02 
5.20500E+03 6.31611E-02 
5.20640E+03 7.07561E-02 
5.20780E+03 -1.79947E-02 
5.20920E+03 5.86048E-03 
5.21060E+03 1.79342E-02 
5.21200E+03 3.68501E-02 
5.21340E+03 2.55617E-03 
5.21480E+03 5.10023E-02 
5.21620E+03 1.20433E-02 
5.21760E+03 1.27256E-02 
5.21900E+03 4.19441E-02 
5.22040E+03 4.07760E-02 
5.22180E+03 2.60029E-02 
5.22320E+03 -1.64900E-02 
5.22460E+03 -1.93357E-02 
5.22600E+03 -2.04714E-02 
5.22740E+03 2.25392E-02 
5.22880E+03 1.91964E-02 
5.23020E+03 4.82483E-02 
5.23160E+03 1.69775E-02 
5.23300E+03 2.61931E-02 
5.23440E+03 2.80635E-02 
5.23580E+03 3.52385E-02 
5.23720E+03 -1.42973E-02 
5.23860E+03 -4.59408E-02 
5.24000E+03 6.41115E-02 
5.24140E+03 1.96826E-03 
5.24280E+03 6.58881E-03 
5.24420E+03 2.50234E-03 
5.24560E+03 -1.25397E-02 
5.24700E+03 -1.26042E-02 
5.24840E+03 3.39866E-02 
5.24980E+03 -2.90081E-03 
5.25120E+03 2.18865E-02 
5.25260E+03 2.52020E-02 
5.25400E+03 2.36816E-02 
5.25540E+03 7.58179E-02 
5.25680E+03 8.60711E-02 
5.25820E+03 5.02957E-02 
5.25960E+03 -1.26111E-02 
5.26100E+03 -5.25847E-03 
5.26240E+03 1.60422E-02 
5.26380E+03 3.29429E-02 
5.26520E+03 -1.40435E-02 
5.26660E+03 -9.46458E-03 
5.26800E+03 2.67988E-02 
5.26940E+03 3.92868E-02 
5.27080E+03 1.43212E-02 
5.27220E+03 -2.30713E-02 
5.27360E+03 2.44117E-02 
5.27500E+03 5.59675E-02 
5.27640E+03 6.71836E-03 
5.27780E+03 -3.74812E-02 
5.27920E+03 4.69997E-03 
5.28060E+03 -1.37043E-02 
5.28200E+03 5.84334E-02 
5.28340E+03 4.10938E-02 
5.28480E+03 4.79732E-02 
5.28620E+03 2.84238E-02 
5.28760E+03 4.34251E-02 
5.28900E+03 2.94338E-02 
5.29040E+03 8.58579E-03 
5.29180E+03 4.75169E-02 
5.29320E+03 4.23990E-02 
5.29460E+03 8.67923E-03 
5.29600E+03 3.62141E-02 
5.29740E+03 1.84250E-02 
5.29880E+03 -2.45292E-03 
5.30020E+03 1.47117E-02 
5.30160E+03 3.64297E-02 
5.30300E+03 4.85888E-02 
5.30440E+03 3.81059E-02 
5.30580E+03 2.17685E-02 
5.30720E+03 1.26386E-02 
5.30860E+03 4.70201E-02 
5.31000E+03 4.51614E-02 
5.31140E+03 3.13338E-02 
5.31280E+03 1.30172E-02 
5.31420E+03 2.81593E-02 
5.31560E+03 1.98192E-02 
5.31700E+03 1.79521E-02 
5.31840E+03 1.00394E-02 
5.31980E+03 2.56526E-02 
5.32120E+03 1.08572E-02 
5.32260E+03 3.96689E-02 
5.32400E+03 3.41193E-02 
5.32540E+03 -3.75519E-03 
5.32680E+03 1.66280E-02 
5.32820E+03 2.01988E-02 
5.32960E+03 1.40130E-02 
5.33100E+03 2.21362E-02 
5.33240E+03 2.07865E-02 
5.33380E+03 2.46648E-02 
5.33520E+03 8.28572E-03 
5.33660E+03 1.21072E-02 
5.33800E+03 2.96535E-02 
5.33940E+03 6.20139E-02 
5.34080E+03 1.05737E-01 
5.34220E+03 6.95260E-02 
5.34360E+03 3.72391E-02 
5.34500E+03 9.05796E-04 
5.34640E+03 1.42446E-02 
5.34780E+03 9.78498E-03 
5.34920E+03 1.42608E-02 
5.35060E+03 -9.42147E-03 
5.35200E+03 2.39129E-02 
5.35340E+03 2.32687E-02 
5.35480E+03 7.98855E-03 
5.35620E+03 2.66137E-02 
5.35760E+03 2.75645E-03 
5.35900E+03 2.39985E-02 
5.36040E+03 7.17764E-03 
5.36180E+03 4.26932E-02 
5.36320E+03 3.48269E-02 
5.36460E+03 6.30504E-02 
5.36600E+03 2.12447E-02 
5.36740E+03 1.41756E-02 
5.36880E+03 2.56774E-02 
5.37020E+03 1.61197E-02 
5.37160E+03 1.04043E-02 
5.37300E+03 1.54029E-02 
5.37440E+03 1.22398E-02 
5.37580E+03 -4.38105E-03 
5.37720E+03 2.45488E-02 
5.37860E+03 1.12023E-02 
5.38000E+03 -1.85363E-03 
5.38140E+03 2.39180E-02 
5.38280E+03 1.14663E-02 
5.38420E+03 1.09891E-02 
5.38560E+03 1.47140E-02 
5.38700E+03 3.52890E-02 
5.38840E+03 3.04376E-02 
5.38980E+03 2.07495E-02 
5.39120E+03 2.98682E-02 
5.39260E+03 2.81980E-02 
5.39400E+03 3.18375E-02 
5.39540E+03 -1.93547E-03 
5.39680E+03 -7.50637E-03 
5.39820E+03 2.64664E-02 
5.39960E+03 4.23533E-04 
5.40100E+03 9.24910E-03 
5.40240E+03 1.47910E-02 
5.40380E+03 1.03906E-02 
5.40520E+03 2.68395E-03 
5.40660E+03 4.72077E-03 
5.40800E+03 3.55228E-02 
5.40940E+03 3.30478E-02 
5.41080E+03 2.96376E-02 
5.41220E+03 3.35374E-02 
5.41360E+03 4.75842E-02 
5.41500E+03 3.10752E-02 
5.41640E+03 3.25950E-02 
5.41780E+03 3.46044E-02 
5.41920E+03 5.83930E-02 
5.42060E+03 4.73332E-02 
5.42200E+03 -2.34875E-03 
5.42340E+03 3.66535E-02 
5.42480E+03 3.42401E-02 
5.42620E+03 1.49424E-02 
5.42760E+03 1.94475E-02 
5.42900E+03 2.36751E-02 
5.43040E+03 5.54089E-03 
5.43180E+03 3.13563E-02 
5.43320E+03 1.94334E-02 
5.43460E+03 2.73130E-02 
5.43600E+03 4.84119E-02 
5.43740E+03 3.45099E-02 
5.43880E+03 -1.10262E-03 
5.44020E+03 6.75787E-03 
5.44160E+03 -1.16596E-03 
5.44300E+03 1.19875E-02 
5.44440E+03 1.67050E-02 
5.44580E+03 4.35233E-03 
5.44720E+03 8.25255E-03 
5.44860E+03 4.37283E-02 
5.45000E+03 1.10716E-02 
5.45140E+03 2.79408E-02 
5.45280E+03 3.58958E-03 
5.45420E+03 2.10098E-02 
5.45560E+03 3.76324E-02 
5.45700E+03 2.55298E-02 
5.45840E+03 1.83586E-03 
5.45980E+03 9.61624E-03 
5.46120E+03 1.20078E-02 
5.46260E+03 1.20656E-02 
5.46400E+03 3.63966E-02 
5.46540E+03 3.79241E-02 
5.46680E+03 1.27929E-02 
5.46820E+03 2.23845E-03 
5.46960E+03 1.29126E-02 
5.47100E+03 2.59504E-02 
5.47240E+03 2.82145E-02 
5.47380E+03 2.11053E-02 
5.47520E+03 6.70048E-03 
5.47660E+03 2.10463E-02 
5.47800E+03 1.35739E-02 
5.47940E+03 1.96877E-02 
5.48080E+03 3.41546E-02 
5.48220E+03 8.33692E-03 
5.48360E+03 4.32090E-02 
5.48500E+03 2.60682E-02 
5.48640E+03 1.19150E-02 
5.48780E+03 3.07584E-02 
5.48920E+03 1.60854E-02 
5.49060E+03 2.71691E-02 
5.49200E+03 4.62670E-02 
5.49340E+03 3.57142E-02 
5.49480E+03 1.87841E-02 
5.49620E+03 1.48432E-02 
5.49760E+03 3.15082E-02 
5.49900E+03 3.03524E-02 
5.50040E+03 4.43780E-02 
5.50180E+03 2.96863E-02 
5.50320E+03 1.76657E-02 
5.50460E+03 -2.88355E-04 
5.50600E+03 2.22205E-02 
5.50740E+03 3.75335E-02 
5.50880E+03 3.46476E-02 
5.51020E+03 2.98438E-02 
5.51160E+03 8.20471E-03 
5.51300E+03 3.63903E-02 
5.51440E+03 3.49347E-02 
5.51580E+03 5.04318E-02 
5.51720E+03 1.98540E-02 
5.51860E+03 3.86793E-02 
5.52000E+03 3.63227E-02 
5.52140E+03 2.36034E-02 
5.52280E+03 2.91391E-02 
5.52420E+03 1.64415E-02 
5.52560E+03 -6.55938E-04 
5.52700E+03 2.27936E-03 
5.52840E+03 2.31224E-02 
5.52980E+03 2.63787E-02 
5.53120E+03 -9.32077E-03 
5.53260E+03 1.67341E-02 
5.53400E+03 3.53067E-03 
5.53540E+03 3.23427E-02 
5.53680E+03 2.64013E-02 
5.53820E+03 2.83486E-02 
5.53960E+03 2.58861E-02 
5.54100E+03 3.46008E-02 
5.54240E+03 9.15770E-03 
5.54380E+03 3.41113E-04 
5.54520E+03 2.26994E-02 
5.54660E+03 1.80923E-02 
5.54800E+03 3.71548E-02 
5.54940E+03 2.33389E-02 
5.55080E+03 2.84854E-02 
5.55220E+03 1.74441E-02 
5.55360E+03 2.54374E-02 
5.55500E+03 1.18285E-02 
5.55640E+03 1.61370E-02 
5.55780E+03 2.83579E-02 
5.55920E+03 2.03223E-03 
5.56060E+03 2.13304E-02 
5.56200E+03 2.40781E-02 
5.56340E+03 2.28898E-02 
5.56480E+03 3.43372E-02 
5.56620E+03 2.91826E-02 
5.56760E+03 3.63661E-02 
5.56900E+03 3.60225E-02 
5.57040E+03 5.31312E-02 
5.57180E+03 4.60754E-02 
5.57320E+03 5.14999E-02 
5.57460E+03 4.82481E-02 
5.57600E+03 1.76342E-02 
5.57740E+03 1.39500E-01 
5.57880E+03 2.74706E-01 
5.58020E+03 1.32513E-01 
5.58160E+03 4.91225E-02 
5.58300E+03 5.02153E-02 
5.58440E+03 3.25106E-02 
5.58580E+03 4.78402E-02 
5.58720E+03 3.40230E-02 
5.58860E+03 3.90099E-02 
5.59000E+03 2.29388E-02 
5.59140E+03 2.16623E-02 
5.59280E+03 1.65104E-02 
5.59420E+03 3.00831E-02 
5.59560E+03 3.55752E-02 
5.59700E+03 6.07601E-02 
5.59840E+03 4.31734E-02 
5.59980E+03 3.33606E-02 
5.60120E+03 2.70640E-02 
5.60260E+03 2.61262E-02 
5.60400E+03 2.13666E-02 
5.60540E+03 4.11616E-02 
5.60680E+03 3.10190E-02 
5.60820E+03 3.93619E-02 
5.60960E+03 3.03604E-02 
5.61100E+03 3.45721E-02 
5.61240E+03 2.07455E-02 
5.61380E+03 2.17566E-02 
5.61520E+03 2.49351E-02 
5.61660E+03 1.60795E-02 
5.61800E+03 1.81083E-02 
5.61940E+03 1.10388E-02 
5.62080E+03 2.23739E-02 
5.62220E+03 1.44610E-02 
5.62360E+03 1.39704E-02 
5.62500E+03 1.92900E-02 
5.62640E+03 1.90563E-02 
5.62780E+03 4.07061E-02 
5.62920E+03 3.38826E-02 
5.63060E+03 2.87657E-02 
5.63200E+03 5.30320E-03 
5.63340E+03 3.13133E-02 
5.63480E+03 3.92017E-02 
5.63620E+03 3.52801E-02 
5.63760E+03 3.40823E-02 
5.63900E+03 2.32844E-02 
5.64040E+03 2.86759E-02 
5.64180E+03 5.09919E-03 
5.64320E+03 2.46942E-02 
5.64460E+03 1.67279E-02 
5.64600E+03 1.13413E-02 
5.64740E+03 5.45134E-03 
5.64880E+03 6.13664E-03 
5.65020E+03 1.85944E-02 
5.65160E+03 2.37748E-02 
5.65300E+03 4.94339E-02 
5.65440E+03 4.44266E-02 
5.65580E+03 2.63755E-02 
5.65720E+03 4.29264E-02 
5.65860E+03 1.26581E-02 
5.66000E+03 2.02302E-02 
5.66140E+03 3.66579E-02 
5.66280E+03 2.52903E-02 
5.66420E+03 1.55337E-02 
5.66560E+03 2.05340E-02 
5.66700E+03 2.40229E-02 
5.66840E+03 2.11129E-02 
5.66980E+03 2.66933E-02 
5.67120E+03 1.08959E-02 
5.67260E+03 2.31841E-02 
5.67400E+03 2.24198E-02 
5.67540E+03 2.06818E-02 
5.67680E+03 1.67992E-02 
5.67820E+03 2.40268E-02 
5.67960E+03 4.71274E-02 
5.68100E+03 3.19821E-02 
5.68240E+03 3.41960E-02 
5.68380E+03 3.13956E-02 
5.68520E+03 3.96162E-02 
5.68660E+03 3.53810E-02 
5.68800E+03 4.07302E-02 
5.68940E+03 2.89351E-02 
5.69080E+03 2.79126E-02 
5.69220E+03 8.47999E-03 
5.69360E+03 1.82536E-03 
5.69500E+03 3.07874E-02 
5.69640E+03 2.36743E-02 
5.69780E+03 1.65456E-02 
5.69920E+03 1.95156E-02 
5.70060E+03 2.56353E-02 
5.70200E+03 3.79349E-02 
5.70340E+03 2.18519E-02 
5.70480E+03 2.78202E-02 
5.70620E+03 1.55737E-02 
5.70760E+03 1.52905E-02 
5.70900E+03 3.26432E-02 
5.71040E+03 2.74133E-02 
5.71180E+03 1.40973E-02 
5.71320E+03 3.11221E-02 
5.71460E+03 1.66871E-02 
5.71600E+03 -2.48164E-03 
5.71740E+03 2.76013E-02 
5.71880E+03 1.51215E-02 
5.72020E+03 1.77029E-02 
5.72160E+03 2.35500E-02 
5.72300E+03 3.91867E-03 
5.72440E+03 2.79547E-02 
5.72580E+03 1.86264E-02 
5.72720E+03 2.49341E-02 
5.72860E+03 1.28057E-02 
5.73000E+03 1.83047E-02 
5.73140E+03 5.00606E-02 
5.73280E+03 2.95998E-02 
5.73420E+03 3.79621E-02 
5.73560E+03 4.05408E-02 
5.73700E+03 3.31026E-02 
5.73840E+03 3.19002E-02 
5.73980E+03 2.68924E-02 
5.74120E+03 2.97550E-02 
5.74260E+03 3.19360E-02 
5.74400E+03 4.50694E-02 
5.74540E+03 4.72953E-02 
5.74680E+03 5.74446E-02 
5.74820E+03 4.06761E-02 
5.74960E+03 6.74876E-02 
5.75100E+03 1.15399E-01 
5.75240E+03 2.49317E-01 
5.75380E+03 4.08514E-01 
5.75520E+03 3.72428E-01 
5.75660E+03 2.40504E-01 
5.75800E+03 1.34961E-01 
5.75940E+03 8.37943E-02 
5.76080E+03 5.08510E-02 
5.76220E+03 6.68003E-02 
5.76360E+03 8.02258E-02 
5.76500E+03 1.04021E-01 
5.76640E+03 9.77914E-02 
5.76780E+03 1.27229E-01 
5.76920E+03 1.31533E-01 
5.77060E+03 1.53655E-01 
5.77200E+03 1.72204E-01 
5.77340E+03 1.55436E-01 
5.77480E+03 1.76273E-01 
5.77620E+03 2.06012E-01 
5.77760E+03 1.98606E-01 
5.77900E+03 2.13805E-01 
5.78040E+03 2.11120E-01 
5.78180E+03 2.33948E-01 
5.78320E+03 2.57477E-01 
5.78460E+03 2.65729E-01 
5.78600E+03 2.81076E-01 
5.78740E+03 2.91559E-01 
5.78880E+03 2.79823E-01 
5.79020E+03 3.17934E-01 
5.79160E+03 3.33362E-01 
5.79300E+03 3.49095E-01 
5.79440E+03 3.43504E-01 
5.79580E+03 3.57677E-01 
5.79720E+03 3.82985E-01 
5.79860E+03 4.28219E-01 
5.80000E+03 4.37366E-01 
5.80140E+03 4.90638E-01 
5.80280E+03 4.79007E-01 
5.80420E+03 4.60408E-01 
5.80560E+03 4.42959E-01 
5.80700E+03 4.51222E-01 
5.80840E+03 4.34521E-01 
5.80980E+03 4.51258E-01 
5.81120E+03 4.28552E-01 
5.81260E+03 4.35968E-01 
5.81400E+03 4.40887E-01 
5.81540E+03 3.97766E-01 
5.81680E+03 3.94111E-01 
5.81820E+03 3.60085E-01 
5.81960E+03 3.50799E-01 
5.82100E+03 3.42512E-01 
5.82240E+03 3.10070E-01 
5.82380E+03 3.06221E-01 
5.82520E+03 2.92695E-01 
5.82660E+03 2.96525E-01 
5.82800E+03 2.84094E-01 
5.82940E+03 2.67044E-01 
5.83080E+03 2.54177E-01 
5.83220E+03 2.43558E-01 
5.83360E+03 2.29133E-01 
5.83500E+03 2.08939E-01 
5.83640E+03 1.94557E-01 
5.83780E+03 1.86112E-01 
5.83920E+03 1.90384E-01 
5.84060E+03 1.73152E-01 
5.84200E+03 1.47932E-01 
5.84340E+03 1.34993E-01 
5.84480E+03 1.32641E-01 
5.84620E+03 1.12009E-01 
5.84760E+03 1.07510E-01 
5.84900E+03 9.40138E-02 
5.85040E+03 9.90505E-02 
5.85180E+03 7.38675E-02 
5.85320E+03 5.85554E-02 
5.85460E+03 5.98417E-02 
5.85600E+03 4.63046E-02 
5.85740E+03 4.71313E-02 
5.85880E+03 3.33332E-02 
5.86020E+03 3.70420E-02 
5.86160E+03 5.10302E-02 
5.86300E+03 2.76601E-02 
5.86440E+03 2.42486E-02 
5.86580E+03 3.69559E-02 
5.86720E+03 3.45800E-02 
5.86860E+03 4.43376E-02 
5.87000E+03 6.08804E-02 
5.87140E+03 1.21939E-01 
5.87280E+03 3.24435E-01 
5.87420E+03 6.75474E-01 
5.87560E+03 8.67093E-01 
5.87700E+03 6.66657E-01 
5.87840E+03 3.55160E-01 
5.87980E+03 1.24102E-01 
5.88120E+03 4.53323E-02 
5.88260E+03 1.96985E-02 
5.88400E+03 4.17286E-02 
5.88540E+03 2.10763E-02 
5.88680E+03 2.38307E-02 
5.88820E+03 3.72116E-02 
5.88960E+03 9.58444E-03 
5.89100E+03 3.59108E-02 
5.89240E+03 3.99403E-02 
5.89380E+03 4.57116E-02 
5.89520E+03 4.56360E-02 
5.89660E+03 3.76395E-02 
5.89800E+03 2.64799E-02 
5.89940E+03 2.71011E-02 
5.90080E+03 1.58034E-02 
5.90220E+03 2.10058E-02 
5.90360E+03 2.30764E-02 
5.90500E+03 3.88202E-02 
5.90640E+03 2.29533E-02 
5.90780E+03 1.82620E-02 
5.90920E+03 2.58105E-02 
5.91060E+03 3.25639E-02 
5.91200E+03 3.15475E-02 
5.91340E+03 4.08205E-02 
5.91480E+03 2.36703E-02 
5.91620E+03 2.90002E-02 
5.91760E+03 2.50861E-02 
5.91900E+03 3.07190E-02 
5.92040E+03 3.05285E-02 
5.92180E+03 3.71084E-02 
5.92320E+03 4.14905E-02 
5.92460E+03 2.53042E-02 
5.92600E+03 3.64944E-02 
5.92740E+03 1.92965E-02 
5.92880E+03 3.17116E-02 
5.93020E+03 1.29539E-02 
5.93160E+03 2.02721E-02 
5.93300E+03 3.89159E-03 
5.93440E+03 7.24799E-03 
5.93580E+03 -4.32655E-03 
5.93720E+03 8.56766E-03 
5.93860E+03 2.11551E-02 
5.94000E+03 3.67081E-02 
5.94140E+03 3.43345E-02 
5.94280E+03 1.63832E-02 
5.94420E+03 9.23605E-03 
5.94560E+03 1.33192E-02 
5.94700E+03 2.33044E-02 
5.94840E+03 3.00342E-02 
5.94980E+03 2.73988E-02 
5.95120E+03 3.33914E-02 
5.95260E+03 2.56818E-02 
5.95400E+03 1.65663E-02 
5.95540E+03 4.86134E-02 
5.95680E+03 1.34462E-02 
5.95820E+03 2.04497E-02 
5.95960E+03 3.07579E-02 
5.96100E+03 2.36571E-02 
5.96240E+03 2.14634E-02 
5.96380E+03 3.02914E-02 
5.96520E+03 1.44894E-02 
5.96660E+03 1.06513E-02 
5.96800E+03 2.84630E-02 
5.96940E+03 2.80086E-02 
5.97080E+03 2.19475E-02 
5.97220E+03 1.55611E-02 
5.97360E+03 2.56961E-02 
5.97500E+03 2.33715E-02 
5.97640E+03 2.68239E-02 
5.97780E+03 3.35596E-02 
5.97920E+03 2.60493E-02 
5.98060E+03 2.77801E-02 
5.98200E+03 2.56950E-02 
5.98340E+03 4.22781E-02 
5.98480E+03 4.17852E-02 
5.98620E+03 3.74044E-02 
5.98760E+03 2.78470E-02 
5.98900E+03 2.40668E-02 
5.99040E+03 2.81235E-02 
5.99180E+03 2.75888E-02 
5.99320E+03 2.40308E-02 
5.99460E+03 2.41975E-02 
5.99600E+03 7.43166E-03 
5.99740E+03 2.71753E-02 
5.99880E+03 3.88716E-02 
6.00020E+03 1.61874E-02 
6.00160E+03 1.60261E-02 
6.00300E+03 7.11468E-03 
6.00440E+03 1.51560E-02 
6.00580E+03 1.28719E-02 
6.00720E+03 2.47541E-02 
6.00860E+03 2.06666E-02 
6.01000E+03 2.65728E-02 
6.01140E+03 1.98257E-02 
6.01280E+03 3.36338E-02 
6.01420E+03 2.28633E-02 
6.01560E+03 3.01825E-02 
6.01700E+03 3.75894E-02 
6.01840E+03 2.10064E-02 
6.01980E+03 3.11999E-02 
6.02120E+03 2.36574E-02 
6.02260E+03 1.26849E-02 
6.02400E+03 3.36569E-02 
6.02540E+03 2.20974E-02 
6.02680E+03 3.92612E-02 
6.02820E+03 3.05494E-02 
6.02960E+03 2.50569E-02 
6.03100E+03 1.37483E-02 
6.03240E+03 1.65439E-02 
6.03380E+03 1.76589E-02 
6.03520E+03 3.08266E-02 
6.03660E+03 2.06277E-02 
6.03800E+03 4.04205E-02 
6.03940E+03 3.51888E-02 
6.04080E+03 1.90435E-02 
6.04220E+03 2.63103E-02 
6.04360E+03 3.91398E-02 
6.04500E+03 2.44508E-02 
6.04640E+03 1.96922E-02 
6.04780E+03 1.69594E-02 
6.04920E+03 1.74705E-02 
6.05060E+03 2.77228E-02 
6.05200E+03 2.54824E-02 
6.05340E+03 2.68178E-02 
6.05480E+03 1.37431E-02 
6.05620E+03 6.75272E-03 
6.05760E+03 3.83652E-02 
6.05900E+03 3.30332E-02 
6.06040E+03 2.38729E-02 
6.06180E+03 2.54368E-02 
6.06320E+03 2.13320E-02 
6.06460E+03 1.50536E-02 
6.06600E+03 2.09492E-02 
6.06740E+03 2.34983E-02 
6.06880E+03 2.91687E-02 
6.07020E+03 6.05104E-03 
6.07160E+03 1.16280E-03 
6.07300E+03 1.40523E-02 
6.07440E+03 2.64340E-02 
6.07580E+03 5.06480E-02 
6.07720E+03 4.02530E-02 
6.07860E+03 2.54393E-02 
6.08000E+03 1.96752E-02 
6.08140E+03 2.64963E-02 
6.08280E+03 1.17996E-02 
6.08420E+03 3.04943E-02 
6.08560E+03 2.84173E-02 
6.08700E+03 2.83338E-02 
6.08840E+03 2.03167E-02 
6.08980E+03 1.32500E-02 
6.09120E+03 2.20478E-02 
6.09260E+03 1.59051E-02 
6.09400E+03 1.20691E-02 
6.09540E+03 1.55457E-02 
6.09680E+03 1.97588E-02 
6.09820E+03 7.97945E-03 
6.09960E+03 1.53821E-02 
6.10100E+03 2.90649E-02 
6.10240E+03 1.69603E-02 
6.10380E+03 -8.09975E-05 
6.10520E+03 1.59425E-02 
6.10660E+03 1.81103E-02 
6.10800E+03 1.90121E-02 
6.10940E+03 1.37232E-02 
6.11080E+03 2.14426E-02 
6.11220E+03 3.09808E-02 
6.11360E+03 1.59590E-02 
6.11500E+03 3.96936E-02 
6.11640E+03 1.58065E-02 
6.11780E+03 2.30817E-02 
6.11920E+03 3.76454E-02 
6.12060E+03 2.16788E-02 
6.12200E+03 1.83694E-02 
6.12340E+03 1.15351E-02 
6.12480E+03 2.45503E-02 
6.12620E+03 1.52773E-02 
6.12760E+03 2.93213E-02 
6.12900E+03 1.50992E-02 
6.13040E+03 1.26512E-02 
6.13180E+03 2.92685E-02 
6.13320E+03 2.96033E-02 
6.13460E+03 2.82729E-02 
6.13600E+03 2.07611E-02 
6.13740E+03 2.10613E-02 
6.13880E+03 3.08691E-02 
6.14020E+03 2.54135E-02 
6.14160E+03 3.78347E-02 
6.14300E+03 2.65086E-02 
6.14440E+03 2.63069E-02 
6.14580E+03 2.59729E-02 
6.14720E+03 3.08665E-02 
6.14860E+03 2.40316E-02 
6.15000E+03 3.58408E-02 
6.15140E+03 1.67282E-02 
6.15280E+03 1.15081E-02 
6.15420E+03 8.97458E-03 
6.15560E+03 3.50883E-02 
6.15700E+03 2.48002E-02 
6.15840E+03 2.76479E-02 
6.15980E+03 2.93004E-02 
6.16120E+03 1.85553E-02 
6.16260E+03 2.06711E-02 
6.16400E+03 2.44582E-02 
6.16540E+03 2.75132E-02 
6.16680E+03 2.62963E-02 
6.16820E+03 3.04773E-02 
6.16960E+03 3.34709E-02 
6.17100E+03 2.81731E-02 
6.17240E+03 2.88891E-02 
6.17380E+03 1.28353E-02 
6.17520E+03 2.15834E-02 
6.17660E+03 2.72847E-02 
6.17800E+03 4.15783E-02 
6.17940E+03 2.78886E-02 
6.18080E+03 1.91124E-02 
6.18220E+03 1.06741E-02 
6.18360E+03 3.26122E-02 
6.18500E+03 2.31137E-02 
6.18640E+03 1.90226E-02 
6.18780E+03 3.98169E-02 
6.18920E+03 1.77323E-02 
6.19060E+03 2.49849E-02 
6.19200E+03 7.78028E-03 
6.19340E+03 2.94934E-02 
6.19480E+03 1.70304E-02 
6.19620E+03 1.82822E-02 
6.19760E+03 1.05346E-02 
6.19900E+03 1.48388E-02 
6.20040E+03 2.44674E-02 
6.20180E+03 3.35417E-02 
6.20320E+03 2.18432E-02 
6.20460E+03 2.67804E-02 
6.20600E+03 1.98045E-02 
6.20740E+03 7.49278E-03 
6.20880E+03 1.43437E-02 
6.21020E+03 1.03211E-02 
6.21160E+03 1.71370E-02 
6.21300E+03 4.45022E-02 
6.21440E+03 3.60634E-02 
6.21580E+03 2.76032E-03 
6.21720E+03 1.25138E-02 
6.21860E+03 2.12293E-03 
6.22000E+03 1.90504E-02 
6.22140E+03 1.03767E-02 
6.22280E+03 2.62786E-02 
6.22420E+03 3.35326E-02 
6.22560E+03 3.03107E-02 
6.22700E+03 2.37206E-02 
6.22840E+03 2.08977E-02 
6.22980E+03 1.46590E-02 
6.23120E+03 1.67026E-02 
6.23260E+03 1.61068E-02 
6.23400E+03 3.29966E-02 
6.23540E+03 3.64829E-02 
6.23680E+03 3.02336E-02 
6.23820E+03 2.07801E-02 
6.23960E+03 2.00497E-02 
6.24100E+03 -7.22211E-04 
6.24240E+03 -4.13324E-03 
6.24380E+03 -1.29770E-02 
6.24520E+03 -1.01879E-02 
6.24660E+03 2.58247E-03 
6.24800E+03 4.54810E-03 
6.24940E+03 1.72086E-02 
6.25080E+03 1.91595E-02 
6.25220E+03 2.42147E-02 
6.25360E+03 9.08311E-03 
6.25500E+03 2.37995E-02 
6.25640E+03 1.54028E-02 
6.25780E+03 2.20851E-02 
6.25920E+03 2.42861E-02 
6.26060E+03 3.91057E-02 
6.26200E+03 4.13578E-02 
6.26340E+03 4.13576E-02 
6.26480E+03 4.53848E-02 
6.26620E+03 3.32038E-02 
6.26760E+03 4.04697E-02 
6.26900E+03 2.33868E-02 
6.27040E+03 2.32999E-02 
6.27180E+03 2.07650E-02 
6.27320E+03 3.40827E-02 
6.27460E+03 4.41111E-02 
6.27600E+03 3.46911E-02 
6.27740E+03 8.10028E-03 
6.27880E+03 1.64771E-02 
6.28020E+03 2.49075E-02 
6.28160E+03 1.48297E-02 
6.28300E+03 1.93051E-02 
6.28440E+03 2.79270E-02 
6.28580E+03 2.51537E-02 
6.28720E+03 3.13767E-02 
6.28860E+03 4.16126E-02 
6.29000E+03 5.59946E-02 
6.29140E+03 2.99245E-02 
6.29280E+03 4.95240E-02 
6.29420E+03 1.68199E-01 
6.29560E+03 7.50038E-01 
6.29700E+03 2.72048E+00 
6.29840E+03 6.19551E+00 
6.29980E+03 8.94770E+00 
6.30120E+03 7.56771E+00 
6.30260E+03 4.32398E+00 
6.30400E+03 1.78800E+00 
6.30540E+03 6.05245E-01 
6.30680E+03 2.11659E-01 
6.30820E+03 1.08778E-01 
6.30960E+03 7.99475E-02 
6.31100E+03 8.96025E-02 
6.31240E+03 8.18345E-02 
6.31380E+03 8.50172E-02 
6.31520E+03 3.27209E-02 
6.31660E+03 3.59312E-02 
6.31800E+03 2.47052E-02 
6.31940E+03 2.16813E-02 
6.32080E+03 2.73493E-02 
6.32220E+03 3.05697E-02 
6.32360E+03 3.07521E-02 
6.32500E+03 2.52682E-02 
6.32640E+03 2.85377E-02 
6.32780E+03 2.47219E-02 
6.32920E+03 1.91343E-02 
6.33060E+03 1.52050E-02 
6.33200E+03 2.22785E-02 
6.33340E+03 3.06337E-02 
6.33480E+03 2.03971E-02 
6.33620E+03 4.60387E-02 
6.33760E+03 2.42766E-02 
6.33900E+03 3.62249E-02 
6.34040E+03 2.07968E-02 
6.34180E+03 2.25154E-02 
6.34320E+03 1.86277E-02 
6.34460E+03 1.94312E-02 
6.34600E+03 3.02092E-02 
6.34740E+03 2.83829E-02 
6.34880E+03 2.24037E-02 
6.35020E+03 1.83105E-02 
6.35160E+03 2.09872E-02 
6.35300E+03 2.69634E-02 
6.35440E+03 1.38012E-02 
6.35580E+03 2.52019E-02 
6.35720E+03 4.37998E-02 
6.35860E+03 1.47621E-01 
6.36000E+03 6.26247E-01 
6.36140E+03 1.69205E+00 
6.36280E+03 2.94607E+00 
6.36420E+03 2.92525E+00 
6.36560E+03 1.88066E+00 
6.36700E+03 8.92972E-01 
6.36840E+03 3.43548E-01 
6.36980E+03 1.27345E-01 
6.37120E+03 6.15762E-02 
6.37260E+03 4.09968E-02 
6.37400E+03 2.43818E-02 
6.37540E+03 2.03041E-02 
6.37680E+03 2.19430E-02 
6.37820E+03 2.47617E-02 
6.37960E+03 8.34370E-03 
6.38100E+03 2.83891E-02 
6.38240E+03 2.73530E-02 
6.38380E+03 2.56490E-02 
6.38520E+03 2.19807E-02 
6.38660E+03 1.64926E-02 
6.38800E+03 3.44930E-02 
6.38940E+03 2.37650E-02 
6.39080E+03 3.46814E-02 
6.39220E+03 4.91140E-02 
6.39360E+03 4.48580E-02 
6.39500E+03 3.23103E-02 
6.39640E+03 2.90352E-02 
6.39780E+03 1.89072E-02 
6.39920E+03 3.32548E-03 
6.40060E+03 2.03814E-02 
6.40200E+03 2.71583E-02 
6.40340E+03 2.58645E-02 
6.40480E+03 2.78568E-02 
6.40620E+03 2.71681E-02 
6.40760E+03 1.43302E-02 
6.40900E+03 3.33408E-03 
6.41040E+03 8.71627E-03 
6.41180E+03 1.48176E-02 
6.41320E+03 3.20538E-02 
6.41460E+03 3.05277E-02 
6.41600E+03 2.21456E-02 
6.41740E+03 1.96503E-02 
6.41880E+03 2.23384E-02 
6.42020E+03 3.11304E-02 
6.42160E+03 2.67481E-02 
6.42300E+03 2.40473E-02 
6.42440E+03 1.43677E-02 
6.42580E+03 1.56043E-02 
6.42720E+03 2.06380E-02 
6.42860E+03 1.29521E-02 
6.43000E+03 2.13777E-02 
6.43140E+03 2.62601E-02 
6.43280E+03 3.04523E-02 
6.43420E+03 4.36274E-02 
6.43560E+03 4.77005E-02 
6.43700E+03 3.84355E-02 
6.43840E+03 4.23809E-02 
6.43980E+03 1.73083E-02 
6.44120E+03 2.85214E-02 
6.44260E+03 2.04739E-02 
6.44400E+03 2.76871E-02 
6.44540E+03 2.69491E-02 
6.44680E+03 1.99558E-02 
6.44820E+03 3.39378E-02 
6.44960E+03 3.86666E-02 
6.45100E+03 3.57474E-02 
6.45240E+03 2.88693E-02 
6.45380E+03 2.32560E-02 
6.45520E+03 3.22123E-02 
6.45660E+03 3.66227E-02 
6.45800E+03 3.55444E-02 
6.45940E+03 2.91153E-02 
6.46080E+03 4.95143E-02 
6.46220E+03 3.28470E-02 
6.46360E+03 2.75263E-02 
6.46500E+03 2.87254E-02 
6.46640E+03 3.33603E-02 
6.46780E+03 2.09369E-02 
6.46920E+03 1.66730E-02 
6.47060E+03 3.27398E-02 
6.47200E+03 2.25112E-02 
6.47340E+03 2.69881E-02 
6.47480E+03 2.43631E-02 
6.47620E+03 1.77161E-02 
6.47760E+03 9.69658E-03 
6.47900E+03 9.92344E-03 
6.48040E+03 1.23265E-02 
6.48180E+03 4.39731E-02 
6.48320E+03 2.73633E-02 
6.48460E+03 2.64860E-02 
6.48600E+03 2.39598E-02 
6.48740E+03 3.82313E-02 
6.48880E+03 3.68330E-02 
6.49020E+03 2.67523E-02 
6.49160E+03 3.73286E-02 
6.49300E+03 5.40024E-02 
6.49440E+03 4.57601E-02 
6.49580E+03 2.72702E-02 
6.49720E+03 2.87967E-02 
6.49860E+03 2.67457E-02 
6.50000E+03 3.81378E-02 
6.50140E+03 3.93022E-02 
6.50280E+03 4.10877E-02 
6.50420E+03 3.42566E-02 
6.50560E+03 3.33064E-02 
6.50700E+03 4.33268E-02 
6.50840E+03 2.35710E-02 
6.50980E+03 2.58924E-02 
6.51120E+03 3.07920E-02 
6.51260E+03 3.02122E-02 
6.51400E+03 2.50703E-02 
6.51540E+03 3.14306E-02 
6.51680E+03 4.50703E-02 
6.51820E+03 2.39465E-02 
6.51960E+03 2.95472E-02 
6.52100E+03 2.20387E-02 
6.52240E+03 1.33940E-02 
6.52380E+03 1.60327E-02 
6.52520E+03 1.68402E-02 
6.52660E+03 4.13399E-02 
6.52800E+03 3.69748E-02 
6.52940E+03 2.89430E-02 
6.53080E+03 4.04059E-02 
6.53220E+03 4.46948E-02 
6.53360E+03 2.84162E-02 
6.53500E+03 2.55864E-02 
6.53640E+03 2.92265E-02 
6.53780E+03 3.52997E-02 
6.53920E+03 4.74369E-02 
6.54060E+03 5.31193E-02 
6.54200E+03 1.49019E-01 
6.54340E+03 6.23379E-01 
6.54480E+03 2.21097E+00 
6.54620E+03 4.96459E+00 
6.54760E+03 6.73641E+00 
6.54900E+03 5.44215E+00 
6.55040E+03 3.11465E+00 
6.55180E+03 1.33807E+00 
6.55320E+03 5.15180E-01 
6.55460E+03 1.90371E-01 
6.55600E+03 9.92536E-02 
6.55740E+03 1.25234E-01 
6.55880E+03 2.53076E-01 
6.56020E+03 4.67804E-01 
6.56160E+03 7.05167E-01 
6.56300E+03 6.58461E-01 
6.56440E+03 2.60981E-01 
6.56580E+03 1.69437E-02 
6.56720E+03 7.41966E-02 
6.56860E+03 1.02157E-01 
6.57000E+03 9.40426E-02 
6.57140E+03 7.68291E-02 
6.57280E+03 6.54872E-02 
6.57420E+03 7.15715E-02 
6.57560E+03 1.22095E-01 
6.57700E+03 3.23353E-01 
6.57840E+03 1.28297E+00 
6.57980E+03 5.05761E+00 
6.58120E+03 1.28231E+01 
6.58260E+03 2.03295E+01 
6.58400E+03 1.85913E+01 
6.58540E+03 1.15296E+01 
6.58680E+03 5.21760E+00 
6.58820E+03 1.87694E+00 
6.58960E+03 6.49858E-01 
6.59100E+03 2.05862E-01 
6.59240E+03 9.81171E-02 
6.59380E+03 6.26801E-02 
6.59520E+03 4.35977E-02 
6.59660E+03 2.90933E-02 
6.59800E+03 3.27470E-02 
6.59940E+03 4.20305E-02 
6.60080E+03 3.25040E-02 
6.60220E+03 3.46155E-02 
6.60360E+03 4.13272E-02 
6.60500E+03 2.83205E-02 
6.60640E+03 4.26145E-02 
6.60780E+03 3.56764E-02 
6.60920E+03 4.18941E-02 
6.61060E+03 1.38447E-02 
6.61200E+03 2.46982E-02 
6.61340E+03 2.50397E-02 
6.61480E+03 2.78698E-02 
6.61620E+03 2.13274E-02 
6.61760E+03 2.17697E-02 
6.61900E+03 2.80948E-02 
6.62040E+03 3.30377E-02 
6.62180E+03 2.28123E-02 
6.62320E+03 1.73571E-02 
6.62460E+03 3.88472E-02 
6.62600E+03 2.54138E-02 
6.62740E+03 1.89318E-02 
6.62880E+03 2.38770E-02 
6.63020E+03 1.00523E-02 
6.63160E+03 1.60194E-02 
6.63300E+03 4.56718E-02 
6.63440E+03 2.36515E-02 
6.63580E+03 2.08808E-02 
6.63720E+03 2.74413E-02 
6.63860E+03 4.21432E-02 
6.64000E+03 2.26840E-02 
6.64140E+03 1.50617E-02 
6.64280E+03 1.98047E-02 
6.64420E+03 2.02512E-02 
6.64560E+03 1.74707E-02 
6.64700E+03 3.03932E-02 
6.64840E+03 4.33797E-02 
6.64980E+03 4.10958E-02 
6.65120E+03 3.84702E-02 
6.65260E+03 3.28013E-02 
6.65400E+03 2.72911E-02 
6.65540E+03 1.35005E-02 
6.65680E+03 1.22699E-02 
6.65820E+03 2.29584E-02 
6.65960E+03 2.34897E-02 
6.66100E+03 2.78126E-02 
6.66240E+03 2.91193E-02 
6.66380E+03 3.75254E-02 
6.66520E+03 2.11900E-02 
6.66660E+03 2.50577E-02 
6.66800E+03 2.50589E-02 
6.66940E+03 1.07219E-02 
6.67080E+03 9.91639E-03 
6.67220E+03 1.17970E-02 
6.67360E+03 4.19461E-02 
6.67500E+03 1.18387E-01 
6.67640E+03 2.59501E-01 
6.67780E+03 3.72995E-01 
6.67920E+03 3.43547E-01 
6.68060E+03 1.99662E-01 
6.68200E+03 9.85631E-02 
6.68340E+03 5.02696E-02 
6.68480E+03 5.51499E-02 
6.68620E+03 4.37981E-02 
6.68760E+03 3.06635E-02 
6.68900E+03 3.20657E-02 
6.69040E+03 4.14146E-02 
6.69180E+03 3.57065E-02 
6.69320E+03 3.56369E-02 
6.69460E+03 5.03269E-02 
6.69600E+03 4.16236E-02 
6.69740E+03 2.79280E-02 
6.69880E+03 3.10331E-02 
6.70020E+03 3.90863E-02 
6.70160E+03 2.92515E-02 
6.70300E+03 2.03512E-02 
6.70440E+03 1.66861E-02 
6.70580E+03 1.73878E-02 
6.70720E+03 2.27651E-02 
6.70860E+03 3.19740E-02 
6.71000E+03 5.51852E-02 
6.71140E+03 8.67966E-02 
6.71280E+03 2.07708E-01 
6.71420E+03 4.72879E-01 
6.71560E+03 6.51751E-01 
6.71700E+03 5.68202E-01 
6.71840E+03 3.31883E-01 
6.71980E+03 1.81208E-01 
6.72120E+03 9.56804E-02 
6.72260E+03 5.92301E-02 
6.72400E+03 5.46406E-02 
6.72540E+03 8.06756E-02 
6.72680E+03 2.11632E-01 
6.72820E+03 5.10692E-01 
6.72960E+03 8.42664E-01 
6.73100E+03 8.87596E-01 
6.73240E+03 5.90131E-01 
6.73380E+03 3.22251E-01 
6.73520E+03 1.36306E-01 
6.73660E+03 5.99381E-02 
6.73800E+03 3.83219E-02 
6.73940E+03 2.94243E-02 
6.74080E+03 2.60229E-02 
6.74220E+03 2.65039E-02 
6.74360E+03 4.19339E-02 
6.74500E+03 3.69019E-02 
6.74640E+03 2.72251E-02 
6.74780E+03 2.32517E-02 
6.74920E+03 3.25118E-02 
6.75060E+03 2.70374E-02 
6.75200E+03 4.28127E-02 
6.75340E+03 3.14956E-02 
6.75480E+03 2.07469E-02 
6.75620E+03 4.68929E-02 
6.75760E+03 4.33627E-02 
6.75900E+03 3.00161E-02 
6.76040E+03 3.70444E-02 
6.76180E+03 2.45569E-02 
6.76320E+03 2.77417E-02 
6.76460E+03 2.98079E-02 
6.76600E+03 2.53577E-02 
6.76740E+03 2.20942E-02 
6.76880E+03 2.12712E-02 
6.77020E+03 1.63378E-02 
6.77160E+03 3.03534E-02 
6.77300E+03 3.13689E-02 
6.77440E+03 2.55375E-02 
6.77580E+03 3.07031E-02 
6.77720E+03 3.77465E-02 
6.77860E+03 3.02296E-02 
6.78000E+03 2.83554E-02 
6.78140E+03 4.23780E-02 
6.78280E+03 4.13416E-02 
6.78420E+03 3.25001E-02 
6.78560E+03 1.88800E-02 
6.78700E+03 2.19506E-02 
6.78840E+03 3.20299E-02 
6.78980E+03 1.87422E-02 
6.79120E+03 3.26026E-02 
6.79260E+03 2.37728E-02 
6.79400E+03 4.01724E-02 
6.79540E+03 2.68194E-02 
6.79680E+03 2.78384E-02 
6.79820E+03 1.11373E-02 
6.79960E+03 2.68967E-02 
6.80100E+03 2.95636E-02 
6.80240E+03 1.90398E-02 
6.80380E+03 2.51113E-02 
6.80520E+03 2.09463E-02 
6.80660E+03 2.02610E-02 
6.80800E+03 1.10927E-02 
6.80940E+03 1.98447E-02 
6.81080E+03 2.04724E-02 
6.81220E+03 1.90181E-02 
6.81360E+03 3.40946E-02 
6.81500E+03 3.37147E-02 
6.81640E+03 3.95717E-02 
6.81780E+03 2.73853E-02 
6.81920E+03 3.92171E-02 
6.82060E+03 3.83585E-02 
6.82200E+03 3.39640E-02 
6.82340E+03 2.52997E-02 
6.82480E+03 3.15072E-02 
6.82620E+03 3.34194E-02 
6.82760E+03 3.88722E-02 
6.82900E+03 2.94208E-02 
6.83040E+03 4.73884E-02 
6.83180E+03 3.01381E-02 
6.83320E+03 4.99631E-02 
6.83460E+03 4.07524E-02 
6.83600E+03 1.68797E-02 
6.83740E+03 3.16426E-02 
6.83880E+03 3.29258E-02 
6.84020E+03 2.75458E-02 
6.84160E+03 3.14921E-02 
6.84300E+03 2.66024E-02 
6.84440E+03 4.65484E-02 
6.84580E+03 2.41299E-02 
6.84720E+03 1.68816E-02 
6.84860E+03 2.27041E-02 
6.85000E+03 2.72202E-02 
6.85140E+03 2.67674E-02 
6.85280E+03 3.39154E-02 
6.85420E+03 3.26326E-02 
6.85560E+03 1.62115E-02 
6.85700E+03 2.35255E-02 
6.85840E+03 3.73326E-02 
6.85980E+03 3.05350E-02 
6.86120E+03 2.52490E-02 
6.86260E+03 2.99602E-02 
6.86400E+03 2.17359E-02 
6.86540E+03 4.02652E-02 
6.86680E+03 1.71953E-02 
6.86820E+03 1.73349E-02 
6.86960E+03 1.59591E-02 
6.87100E+03 1.72315E-02 
6.87240E+03 2.13135E-02 
6.87380E+03 2.02930E-02 
6.87520E+03 1.90523E-02 
6.87660E+03 1.46712E-02 
6.87800E+03 2.08872E-02 
6.87940E+03 2.48202E-02 
6.88080E+03 3.08998E-02 
6.88220E+03 4.28148E-02 
6.88360E+03 2.42637E-02 
6.88500E+03 2.67653E-02 
6.88640E+03 1.99370E-02 
6.88780E+03 3.38425E-02 
6.88920E+03 4.60652E-02 
6.89060E+03 3.24888E-02 
6.89200E+03 5.07891E-02 
6.89340E+03 3.72383E-02 
6.89480E+03 2.59482E-02 
6.89620E+03 1.93714E-02 
6.89760E+03 1.72747E-02 
6.89900E+03 1.61713E-02 
6.90040E+03 1.91654E-02 
6.90180E+03 4.91280E-02 
6.90320E+03 3.82105E-02 
6.90460E+03 2.87512E-02 
6.90600E+03 2.79015E-02 
6.90740E+03 3.21833E-02 
6.90880E+03 4.66270E-02 
6.91020E+03 2.77060E-02 
6.91160E+03 2.22072E-02 
6.91300E+03 1.47726E-02 
6.91440E+03 2.32090E-02 
6.91580E+03 2.70723E-02 
6.91720E+03 2.05799E-02 
6.91860E+03 2.92545E-02 
6.92000E+03 2.78738E-02 
6.92140E+03 3.58885E-02 
6.92280E+03 2.18474E-02 
6.92420E+03 2.69043E-02 
6.92560E+03 1.38645E-02 
6.92700E+03 2.13281E-02 
6.92840E+03 2.91208E-02 
6.92980E+03 3.09724E-02 
6.93120E+03 2.90249E-02 
6.93260E+03 3.11803E-02 
6.93400E+03 1.41700E-02 
6.93540E+03 1.96969E-02 
6.93680E+03 3.11832E-02 
6.93820E+03 2.26865E-02 
6.93960E+03 2.35509E-02 
6.94100E+03 3.29809E-02 
6.94240E+03 3.41754E-02 
6.94380E+03 3.47255E-02 
6.94520E+03 3.62488E-02 
6.94660E+03 3.34723E-02 
6.94800E+03 2.11975E-02 
6.94940E+03 1.71062E-02 
6.95080E+03 3.96289E-02 
6.95220E+03 3.99858E-02 
6.95360E+03 3.56515E-02 
6.95500E+03 2.70449E-02 
6.95640E+03 3.70685E-02 
6.95780E+03 3.84027E-02 
6.95920E+03 3.35893E-02 
6.96060E+03 3.17273E-02 
6.96200E+03 2.16699E-02 
6.96340E+03 2.32012E-02 
6.96480E+03 3.04213E-02 
6.96620E+03 3.30757E-02 
6.96760E+03 3.55619E-02 
6.96900E+03 2.65927E-02 
6.97040E+03 2.66772E-02 
6.97180E+03 2.76741E-02 
6.97320E+03 3.65040E-02 
6.97460E+03 2.97619E-02 
6.97600E+03 3.28696E-02 
6.97740E+03 4.01653E-02 
6.97880E+03 4.07329E-02 
6.98020E+03 2.95039E-02 
6.98160E+03 2.46923E-02 
6.98300E+03 2.39496E-02 
6.98440E+03 2.87364E-02 
6.98580E+03 2.39375E-02 
6.98720E+03 3.04213E-02 
6.98860E+03 3.37523E-02 
6.99000E+03 4.46614E-02 
6.99140E+03 3.48130E-02 
6.99280E+03 4.20182E-02 
6.99420E+03 4.35032E-02 
6.99560E+03 3.95192E-02 
6.99700E+03 3.46693E-02 
6.99840E+03 3.20562E-02 
6.99980E+03 3.12667E-02 
7.00120E+03 4.02342E-02 
7.00260E+03 3.23085E-02 
7.00400E+03 4.03806E-02 
7.00540E+03 4.08805E-02 
7.00680E+03 3.32900E-02 
7.00820E+03 4.10272E-02 
7.00960E+03 4.62112E-02 
7.01100E+03 3.15736E-02 
7.01240E+03 2.24153E-02 
7.01380E+03 3.73881E-02 
7.01520E+03 2.96177E-02 
7.01660E+03 2.41265E-02 
7.01800E+03 3.07422E-02 
7.01940E+03 3.40997E-02 
7.02080E+03 5.02498E-02 
7.02220E+03 5.59682E-02 
7.02360E+03 4.67169E-02 
7.02500E+03 3.41729E-02 
7.02640E+03 2.97544E-02 
7.02780E+03 3.28543E-02 
7.02920E+03 3.62625E-02 
7.03060E+03 4.62501E-02 
7.03200E+03 5.13049E-02 
7.03340E+03 5.58296E-02 
7.03480E+03 5.23661E-02 
7.03620E+03 4.72288E-02 
7.03760E+03 4.68969E-02 
7.03900E+03 4.40451E-02 
7.04040E+03 4.07659E-02 
7.04180E+03 5.85144E-02 
7.04320E+03 4.88517E-02 
7.04460E+03 4.52721E-02 
7.04600E+03 3.63843E-02 
7.04740E+03 3.57286E-02 
7.04880E+03 3.61858E-02 
7.05020E+03 4.98016E-02 
7.05160E+03 3.24945E-02 
7.05300E+03 5.29997E-02 
7.05440E+03 5.81529E-02 
7.05580E+03 6.24971E-02 
7.05720E+03 5.66717E-02 
7.05860E+03 7.05131E-02 
7.06000E+03 9.80244E-02 
7.06140E+03 1.96450E-01 
7.06280E+03 4.67462E-01 
7.06420E+03 7.94901E-01 
7.06560E+03 8.57017E-01 
7.06700E+03 6.03708E-01 
7.06840E+03 3.61038E-01 
7.06980E+03 1.66899E-01 
7.07120E+03 8.57376E-02 
7.07260E+03 8.27867E-02 
7.07400E+03 6.85885E-02 
7.07540E+03 5.52187E-02 
7.07680E+03 7.29961E-02 
7.07820E+03 6.75763E-02 
7.07960E+03 5.44372E-02 
7.08100E+03 6.02602E-02 
7.08240E+03 5.36375E-02 
7.08380E+03 4.15116E-02 
7.08520E+03 3.79069E-02 
7.08660E+03 5.44408E-02 
7.08800E+03 4.62203E-02 
7.08940E+03 3.81902E-02 
7.09080E+03 2.40417E-02 
7.09220E+03 1.91708E-02 
7.09360E+03 2.95157E-02 
7.09500E+03 1.57318E-02 
7.09640E+03 2.59005E-02 
7.09780E+03 2.21908E-02 
7.09920E+03 3.82521E-02 
7.10060E+03 4.73620E-02 
7.10200E+03 4.74921E-02 
7.10340E+03 4.36391E-02 
7.10480E+03 4.44115E-02 
7.10620E+03 3.30257E-02 
7.10760E+03 3.18121E-02 
7.10900E+03 4.27354E-02 
7.11040E+03 5.23441E-02 
7.11180E+03 4.88699E-02 
7.11320E+03 4.90671E-02 
7.11460E+03 4.70343E-02 
7.11600E+03 3.86016E-02 
7.11740E+03 5.29405E-02 
7.11880E+03 3.52576E-02 
7.12020E+03 3.41403E-02 
7.12160E+03 4.05606E-02 
7.12300E+03 4.96646E-02 
7.12440E+03 5.77149E-02 
7.12580E+03 6.01872E-02 
7.12720E+03 4.92839E-02 
7.12860E+03 4.53195E-02 
7.13000E+03 9.43076E-02 
7.13140E+03 2.36280E-01 
7.13280E+03 6.55075E-01 
7.13420E+03 1.28320E+00 
7.13560E+03 1.64512E+00 
7.13700E+03 1.31233E+00 
7.13840E+03 7.94350E-01 
7.13980E+03 3.73856E-01 
7.14120E+03 1.63063E-01 
7.14260E+03 7.67289E-02 
7.14400E+03 2.29061E-02 
7.14540E+03 6.94504E-03 
7.14680E+03 2.71801E-02 
7.14820E+03 4.19553E-02 
7.14960E+03 5.43752E-02 
7.15100E+03 5.65405E-02 
7.15240E+03 4.91302E-02 
7.15380E+03 5.26404E-02 
7.15520E+03 4.64799E-02 
7.15660E+03 5.99267E-02 
7.15800E+03 4.90397E-02 
7.15940E+03 4.72061E-02 
7.16080E+03 3.67187E-02 
7.16220E+03 4.03558E-02 
7.16360E+03 3.66185E-02 
7.16500E+03 3.97513E-02 
7.16640E+03 5.72850E-02 
7.16780E+03 6.91413E-02 
7.16920E+03 7.21363E-02 
7.17060E+03 7.67187E-02 
7.17200E+03 8.13562E-02 
7.17340E+03 5.57799E-02 
7.17480E+03 3.98035E-02 
7.17620E+03 5.74467E-02 
7.17760E+03 5.38863E-02 
7.17900E+03 6.07408E-02 
7.18040E+03 5.71344E-02 
7.18180E+03 4.52170E-02 
7.18320E+03 3.99303E-02 
7.18460E+03 4.31100E-02 
7.18600E+03 4.59501E-02 
7.18740E+03 3.72659E-02 
7.18880E+03 3.70805E-02 
7.19020E+03 3.93519E-02 
7.19160E+03 4.79483E-02 
7.19300E+03 4.53004E-02 
7.19440E+03 4.44580E-02 
7.19580E+03 5.68144E-02 
7.19720E+03 5.15733E-02 
7.19860E+03 3.10360E-02 
7.20000E+03 4.83378E-02 
7.20140E+03 4.29010E-02 
7.20280E+03 3.38073E-02 
7.20420E+03 3.60693E-02 
7.20560E+03 4.08792E-02 
7.20700E+03 4.71588E-02 
7.20840E+03 5.01259E-02 
7.20980E+03 4.48621E-02 
7.21120E+03 3.39782E-02 
7.21260E+03 4.21190E-02 
7.21400E+03 6.52917E-02 
7.21540E+03 5.57598E-02 
7.21680E+03 3.22907E-02 
7.21820E+03 3.66926E-02 
7.21960E+03 3.10581E-02 
7.22100E+03 4.15808E-02 
7.22240E+03 2.31334E-02 
7.22380E+03 3.17376E-02 
7.22520E+03 3.82584E-02 
7.22660E+03 4.91258E-02 
7.22800E+03 4.03085E-02 
7.22940E+03 3.94941E-02 
7.23080E+03 4.36333E-02 
7.23220E+03 4.59124E-02 
7.23360E+03 5.10905E-02 
7.23500E+03 5.62257E-02 
7.23640E+03 8.76448E-02 
7.23780E+03 7.84006E-02 
7.23920E+03 7.24839E-02 
7.24060E+03 4.82113E-02 
7.24200E+03 3.69845E-02 
7.24340E+03 3.49393E-02 
7.24480E+03 4.45935E-02 
7.24620E+03 2.16608E-02 
7.24760E+03 2.78531E-02 
7.24900E+03 4.34526E-02 
7.25040E+03 2.96585E-02 
7.25180E+03 3.76961E-02 
7.25320E+03 3.63699E-02 
7.25460E+03 2.04074E-02 
7.25600E+03 4.66849E-02 
7.25740E+03 3.27559E-02 
7.25880E+03 4.01504E-02 
7.26020E+03 3.91729E-02 
7.26160E+03 5.08974E-02 
7.26300E+03 5.77652E-02 
7.26440E+03 6.56880E-02 
7.26580E+03 4.97038E-02 
7.26720E+03 3.25575E-02 
7.26860E+03 2.50230E-02 
7.27000E+03 1.58145E-02 
7.27140E+03 4.54785E-02 
7.27280E+03 3.80455E-02 
7.27420E+03 4.00372E-02 
7.27560E+03 2.63296E-02 
7.27700E+03 5.53596E-02 
7.27840E+03 1.11444E-01 
7.27980E+03 1.77248E-01 
7.28120E+03 2.16474E-01 
7.28260E+03 1.75450E-01 
7.28400E+03 1.02480E-01 
7.28540E+03 6.23325E-02 
7.28680E+03 4.90085E-02 
7.28820E+03 5.12168E-02 
7.28960E+03 5.32109E-02 
7.29100E+03 4.46584E-02 
7.29240E+03 3.26834E-02 
7.29380E+03 5.62117E-02 
7.29520E+03 4.50709E-02 
7.29660E+03 3.23305E-02 
7.29800E+03 2.54037E-02 
7.29940E+03 4.24615E-02 
7.30080E+03 4.33732E-02 
7.30220E+03 4.66295E-02 
7.30360E+03 3.05579E-02 
7.30500E+03 3.86969E-02 
7.30640E+03 4.87908E-02 
7.30780E+03 3.92128E-02 
7.30920E+03 2.72639E-02 
7.31060E+03 4.08062E-02 
7.31200E+03 7.35779E-02 
7.31340E+03 1.49547E-01 
7.31480E+03 4.85604E-01 
7.31620E+03 1.65574E+00 
7.31760E+03 3.82513E+00 
7.31900E+03 5.96970E+00 
7.32040E+03 5.98330E+00 
7.32180E+03 4.07991E+00 
7.32320E+03 2.20557E+00 
7.32460E+03 1.07625E+00 
7.32600E+03 1.21606E+00 
7.32740E+03 2.56018E+00 
7.32880E+03 4.51363E+00 
7.33020E+03 5.15517E+00 
7.33160E+03 4.01778E+00 
7.33300E+03 2.31331E+00 
7.33440E+03 1.03666E+00 
7.33580E+03 4.08413E-01 
7.33720E+03 1.65040E-01 
7.33860E+03 7.09362E-02 
7.34000E+03 4.81027E-02 
7.34140E+03 3.84979E-02 
7.34280E+03 2.20550E-02 
7.34420E+03 2.74463E-02 
7.34560E+03 4.38479E-02 
7.34700E+03 4.98419E-02 
7.34840E+03 3.73231E-02 
7.34980E+03 4.15949E-02 
7.35120E+03 4.93220E-02 
7.35260E+03 3.58648E-02 
7.35400E+03 4.24942E-02 
7.35540E+03 3.40522E-02 
7.35680E+03 3.53811E-02 
7.35820E+03 2.78427E-02 
7.35960E+03 3.16883E-02 
7.36100E+03 3.98752E-02 
7.36240E+03 2.80673E-02 
7.36380E+03 4.90731E-02 
7.36520E+03 5.47459E-02 
7.36660E+03 4.36528E-02 
7.36800E+03 4.74818E-02 
7.36940E+03 2.56914E-02 
7.37080E+03 3.28996E-02 
7.37220E+03 4.75768E-02 
7.37360E+03 5.07347E-02 
7.37500E+03 5.95286E-02 
7.37640E+03 4.97539E-02 
7.37780E+03 4.72873E-02 
7.37920E+03 5.49586E-02 
7.38060E+03 5.46156E-02 
7.38200E+03 6.57585E-02 
7.38340E+03 4.34510E-02 
7.38480E+03 4.87548E-02 
7.38620E+03 3.61964E-02 
7.38760E+03 4.08601E-02 
7.38900E+03 5.32257E-02 
7.39040E+03 5.05660E-02 
7.39180E+03 5.51364E-02 
7.39320E+03 4.34647E-02 
7.39460E+03 3.96021E-02 
7.39600E+03 3.03762E-02 
7.39740E+03 3.13524E-02 
7.39880E+03 3.91169E-02 
7.40020E+03 2.79761E-02 
7.40160E+03 3.94087E-02 
7.40300E+03 3.82153E-02 
7.40440E+03 4.19714E-02 
7.40580E+03 2.85884E-02 
7.40720E+03 3.20975E-02 
7.40860E+03 2.33419E-02 
7.41000E+03 3.03229E-02 
7.41140E+03 4.70555E-02 
7.41280E+03 2.82442E-02 
7.41420E+03 3.73066E-02 
7.41560E+03 4.02035E-02 
7.41700E+03 3.33591E-02 
7.41840E+03 3.41448E-02 
7.41980E+03 4.43664E-02 
7.42120E+03 3.51376E-02 
7.42260E+03 3.78955E-02 
7.42400E+03 4.18643E-02 
7.42540E+03 6.27485E-02 
7.42680E+03 5.53858E-02 
7.42820E+03 4.57484E-02 
7.42960E+03 4.65829E-02 
7.43100E+03 4.15613E-02 
7.43240E+03 3.97211E-02 
7.43380E+03 3.01517E-02 
7.43520E+03 3.72996E-02 
7.43660E+03 4.25428E-02 
7.43800E+03 5.81953E-02 
7.43940E+03 5.94104E-02 
7.44080E+03 4.38189E-02 
7.44220E+03 5.15269E-02 
7.44360E+03 4.46416E-02 
7.44500E+03 3.28179E-02 
7.44640E+03 4.10079E-02 
7.44780E+03 4.60126E-02 
7.44920E+03 4.20212E-02 
7.45060E+03 3.72164E-02 
7.45200E+03 4.00738E-02 
7.45340E+03 4.77251E-02 
7.45480E+03 3.80548E-02 
7.45620E+03 3.38470E-02 
7.45760E+03 3.24375E-02 
7.45900E+03 4.58176E-02 
7.46040E+03 4.06823E-02 
7.46180E+03 3.72494E-02 
7.46320E+03 3.59905E-02 
7.46460E+03 4.91399E-02 
7.46600E+03 3.89321E-02 
7.46740E+03 4.37170E-02 
7.46880E+03 4.75535E-02 
7.47020E+03 3.62897E-02 
7.47160E+03 2.76963E-02 
7.47300E+03 3.19803E-02 
7.47440E+03 3.14508E-02 
7.47580E+03 4.95225E-02 
7.47720E+03 4.62102E-02 
7.47860E+03 3.78457E-02 
7.48000E+03 2.84051E-02 
7.48140E+03 4.41801E-02 
7.48280E+03 3.81288E-02 
7.48420E+03 3.74062E-02 
7.48560E+03 4.03875E-02 
7.48700E+03 2.97063E-02 
7.48840E+03 4.70212E-02 
7.48980E+03 3.23791E-02 
7.49120E+03 4.11525E-02 
7.49260E+03 4.40675E-02 
7.49400E+03 4.54449E-02 
7.49540E+03 3.57690E-02 
7.49680E+03 2.84140E-02 
7.49820E+03 3.13000E-02 
7.49960E+03 4.51014E-02 
7.50100E+03 4.38092E-02 
7.50240E+03 4.09369E-02 
7.50380E+03 3.48438E-02 
7.50520E+03 5.15560E-02 
7.50660E+03 4.33105E-02 
7.50800E+03 3.66793E-02 
7.50940E+03 2.73614E-02 
7.51080E+03 2.05102E-02 
7.51220E+03 3.12218E-02 
7.51360E+03 3.76175E-02 
7.51500E+03 5.24492E-02 
7.51640E+03 5.36219E-02 
7.51780E+03 4.31001E-02 
7.51920E+03 3.76778E-02 
7.52060E+03 4.54029E-02 
7.52200E+03 4.41871E-02 
7.52340E+03 3.84442E-02 
7.52480E+03 4.03667E-02 
7.52620E+03 4.24126E-02 
7.52760E+03 4.29572E-02 
7.52900E+03 6.64182E-02 
7.53040E+03 3.87023E-02 
7.53180E+03 6.95906E-02 
7.53320E+03 5.17275E-02 
7.53460E+03 3.72009E-02 
7.53600E+03 4.81970E-02 
7.53740E+03 4.05985E-02 
7.53880E+03 3.27374E-02 
7.54020E+03 3.13224E-02 
7.54160E+03 4.50743E-02 
7.54300E+03 4.94721E-02 
7.54440E+03 4.73740E-02 
7.54580E+03 3.94662E-02 
7.54720E+03 3.54445E-02 
7.54860E+03 4.00435E-02 
7.55000E+03 3.88375E-02 
7.55140E+03 4.22180E-02 
7.55280E+03 4.79616E-02 
7.55420E+03 2.25727E-02 
7.55560E+03 3.89152E-02 
7.55700E+03 5.20329E-02 
7.55840E+03 4.93296E-02 
7.55980E+03 5.78171E-02 
7.56120E+03 3.95120E-02 
7.56260E+03 4.62630E-02 
7.56400E+03 3.15604E-02 
7.56540E+03 3.39756E-02 
7.56680E+03 2.90890E-02 
7.56820E+03 4.31026E-02 
7.56960E+03 4.52753E-02 
7.57100E+03 3.97953E-02 
7.57240E+03 5.37325E-02 
7.57380E+03 4.84264E-02 
7.57520E+03 3.66239E-02 
7.57660E+03 5.74718E-02 
7.57800E+03 5.26905E-02 
7.57940E+03 5.04378E-02 
7.58080E+03 4.54467E-02 
7.58220E+03 5.29515E-02 
7.58360E+03 3.86195E-02 
7.58500E+03 4.60755E-02 
7.58640E+03 6.87629E-02 
7.58780E+03 6.43798E-02 
7.58920E+03 5.77260E-02 
7.59060E+03 6.04440E-02 
7.59200E+03 6.48326E-02 
7.59340E+03 5.89481E-02 
7.59480E+03 4.51298E-02 
7.59620E+03 2.44749E-02 
7.59760E+03 3.50562E-02 
7.59900E+03 3.71246E-02 
7.60040E+03 3.74188E-02 
7.60180E+03 2.91785E-02 
7.60320E+03 2.18019E-02 
7.60460E+03 1.20080E-02 
7.60600E+03 9.77111E-03 
7.60740E+03 1.19797E-02 
7.60880E+03 1.01000E-02 
7.61020E+03 2.33122E-02 
7.61160E+03 2.22332E-02 
7.61300E+03 2.09230E-02 
7.61440E+03 2.79735E-02 
7.61580E+03 2.80689E-02 
7.61720E+03 4.55996E-02 
7.61860E+03 4.98998E-02 
7.62000E+03 4.06738E-02 
7.62140E+03 3.79029E-02 
7.62280E+03 3.59570E-02 
7.62420E+03 3.17234E-02 
7.62560E+03 3.56085E-02 
7.62700E+03 1.98018E-02 
7.62840E+03 3.93792E-02 
7.62980E+03 2.16998E-02 
7.63120E+03 5.80031E-03 
7.63260E+03 1.47089E-02 
7.63400E+03 3.07035E-02 
7.63540E+03 2.75277E-02 
7.63680E+03 2.15249E-02 
7.63820E+03 2.41102E-02 
7.63960E+03 2.27516E-02 
7.64100E+03 7.83081E-03 
7.64240E+03 -4.05044E-03 
7.64380E+03 8.54148E-03 
7.64520E+03 1.29158E-02 
7.64660E+03 1.05770E-02 
7.64800E+03 3.03073E-02 
7.64940E+03 2.02012E-02 
7.65080E+03 3.18674E-02 
7.65220E+03 4.23596E-02 
7.65360E+03 3.62100E-02 
7.65500E+03 3.57898E-02 
7.65640E+03 3.44725E-02 
7.65780E+03 2.67773E-02 
7.65920E+03 3.60349E-02 
7.66060E+03 3.00357E-02 
7.66200E+03 3.56380E-02 
7.66340E+03 2.77165E-02 
7.66480E+03 2.21227E-02 
7.66620E+03 2.57215E-02 
7.66760E+03 3.36211E-02 
7.66900E+03 5.26427E-02 
7.67040E+03 3.92515E-02 
7.67180E+03 4.37950E-02 
7.67320E+03 3.93916E-02 
7.67460E+03 5.58208E-02 
7.67600E+03 3.60510E-02 
7.67740E+03 4.50847E-02 
7.67880E+03 4.54039E-02 
7.68020E+03 3.48230E-02 
7.68160E+03 3.89226E-02 
7.68300E+03 3.53474E-02 
7.68440E+03 4.66401E-02 
7.68580E+03 5.32950E-02 
7.68720E+03 5.91477E-02 
7.68860E+03 5.77873E-02 
7.69000E+03 5.25930E-02 
7.69140E+03 5.38102E-02 
7.69280E+03 6.57759E-02 
7.69420E+03 5.76777E-02 
7.69560E+03 4.54761E-02 
7.69700E+03 5.99620E-02 
7.69840E+03 5.58606E-02 
7.69980E+03 6.83492E-02 
7.70120E+03 5.00796E-02 
7.70260E+03 5.85110E-02 
7.70400E+03 6.81922E-02 
7.70540E+03 9.22685E-02 
7.70680E+03 8.69360E-02 
7.70820E+03 8.07283E-02 
7.70960E+03 1.00399E-01 
7.71100E+03 1.11539E-01 
7.71240E+03 1.11826E-01 
7.71380E+03 1.51023E-01 
7.71520E+03 1.39794E-01 
7.71660E+03 1.22834E-01 
7.71800E+03 1.04266E-01 
7.71940E+03 1.34006E-01 
7.72080E+03 1.26587E-01 
7.72220E+03 1.58738E-01 
7.72360E+03 1.43619E-01 
7.72500E+03 1.57774E-01 
7.72640E+03 1.35242E-01 
7.72780E+03 1.30277E-01 
7.72920E+03 1.57821E-01 
7.73060E+03 1.48412E-01 
7.73200E+03 1.48574E-01 
7.73340E+03 1.43135E-01 
7.73480E+03 1.22448E-01 
7.73620E+03 1.04667E-01 
7.73760E+03 1.08726E-01 
7.73900E+03 1.14729E-01 
7.74040E+03 1.01734E-01 
7.74180E+03 1.19829E-01 
7.74320E+03 1.08664E-01 
7.74460E+03 9.23130E-02 
7.74600E+03 1.27580E-01 
7.74740E+03 1.99760E-01 
7.74880E+03 3.46379E-01 
7.75020E+03 4.94323E-01 
7.75160E+03 5.04841E-01 
7.75300E+03 3.77234E-01 
7.75440E+03 2.28649E-01 
7.75580E+03 1.46541E-01 
7.75720E+03 8.43245E-02 
7.75860E+03 5.77716E-02 
7.76000E+03 6.04762E-02 
7.76140E+03 5.54815E-02 
7.76280E+03 4.13287E-02 
7.76420E+03 5.03359E-02 
7.76560E+03 4.86764E-02 
7.76700E+03 4.71918E-02 
7.76840E+03 4.69456E-02 
7.76980E+03 6.36453E-02 
7.77120E+03 6.61546E-02 
7.77260E+03 7.97325E-02 
7.77400E+03 5.52613E-02 
7.77540E+03 4.98827E-02 
7.77680E+03 4.69053E-02 
7.77820E+03 6.38147E-02 
7.77960E+03 4.49059E-02 
7.78100E+03 3.78981E-02 
7.78240E+03 5.15620E-02 
7.78380E+03 3.96290E-02 
7.78520E+03 3.62731E-02 
7.78660E+03 3.68351E-02 
7.78800E+03 4.70925E-02 
7.78940E+03 4.89902E-02 
7.79080E+03 5.14138E-02 
7.79220E+03 7.11392E-02 
7.79360E+03 4.66841E-02 
7.79500E+03 3.19701E-02 
7.79640E+03 4.13569E-02 
7.79780E+03 5.80689E-02 
7.79920E+03 5.53267E-02 
7.80060E+03 3.18895E-02 
7.80200E+03 4.55567E-02 
7.80340E+03 4.28334E-02 
7.80480E+03 4.38509E-02 
7.80620E+03 4.04485E-02 
7.80760E+03 3.28379E-02 
7.80900E+03 1.03567E-02 
7.81040E+03 1.33397E-02 
7.81180E+03 3.79797E-02 
7.81320E+03 3.44559E-02 
7.81460E+03 3.65131E-02 
7.81600E+03 4.22617E-02 
7.81740E+03 4.18421E-02 
7.81880E+03 4.98041E-02 
7.82020E+03 5.67269E-02 
7.82160E+03 4.98822E-02 
7.82300E+03 4.03295E-02 
7.82440E+03 3.70594E-02 
7.82580E+03 4.68516E-02 
7.82720E+03 4.92189E-02 
7.82860E+03 3.56537E-02 
7.83000E+03 2.68464E-02 
7.83140E+03 3.41346E-02 
7.83280E+03 4.01121E-02 
7.83420E+03 3.59920E-02 
7.83560E+03 2.15215E-02 
7.83700E+03 3.24213E-02 
7.83840E+03 4.17411E-02 
7.83980E+03 4.74129E-02 
7.84120E+03 3.86566E-02 
7.84260E+03 4.99491E-02 
7.84400E+03 2.92566E-02 
7.84540E+03 3.66403E-02 
7.84680E+03 5.79325E-02 
7.84820E+03 5.41322E-02 
7.84960E+03 4.50388E-02 
7.85100E+03 6.69417E-02 
7.85240E+03 3.77343E-02 
7.85380E+03 4.03905E-02 
7.85520E+03 5.86561E-02 
7.85660E+03 7.46304E-02 
7.85800E+03 4.16536E-02 
7.85940E+03 5.69180E-02 
7.86080E+03 5.05374E-02 
7.86220E+03 5.11565E-02 
7.86360E+03 6.09661E-02 
7.86500E+03 7.32113E-02 
7.86640E+03 5.11259E-02 
7.86780E+03 3.85332E-02 
7.86920E+03 5.77374E-02 
7.87060E+03 2.48038E-02 
7.87200E+03 5.65740E-02 
7.87340E+03 5.48827E-02 
7.87480E+03 6.44095E-02 
7.87620E+03 4.48868E-02 
7.87760E+03 2.39197E-02 
7.87900E+03 6.53573E-02 
7.88040E+03 3.58669E-02 
7.88180E+03 6.19725E-02 
7.88320E+03 4.02024E-02 
7.88460E+03 5.06040E-02 
7.88600E+03 4.73050E-02 
7.88740E+03 4.12057E-02 
7.88880E+03 3.67996E-02 
7.89020E+03 5.08340E-02 
7.89160E+03 3.51720E-02 
7.89300E+03 2.36282E-02 
7.89440E+03 4.36687E-02 
7.89580E+03 3.41892E-02 
7.89720E+03 4.34244E-02 
7.89860E+03 3.16160E-02 
7.90000E+03 5.16884E-02 
7.90140E+03 3.46452E-02 
7.90280E+03 3.94022E-02 
7.90420E+03 4.03161E-02 
7.90560E+03 3.78170E-02 
7.90700E+03 3.13284E-02 
7.90840E+03 4.95611E-02 
7.90980E+03 4.97793E-02 
7.91120E+03 3.91358E-02 
7.91260E+03 3.74488E-02 
7.91400E+03 5.53986E-02 
7.91540E+03 3.87032E-02 
7.91680E+03 5.68065E-02 
7.91820E+03 3.52492E-02 
7.91960E+03 5.11656E-02 
7.92100E+03 4.42008E-02 
7.92240E+03 6.44613E-02 
7.92380E+03 5.50628E-02 
7.92520E+03 3.58179E-02 
7.92660E+03 5.55757E-02 
7.92800E+03 5.20528E-02 
7.92940E+03 3.95631E-02 
7.93080E+03 2.92504E-02 
7.93220E+03 5.72996E-02 
7.93360E+03 4.36662E-02 
7.93500E+03 2.50592E-02 
7.93640E+03 4.85887E-02 
7.93780E+03 4.55610E-02 
7.93920E+03 4.85795E-02 
7.94060E+03 6.11732E-02 
7.94200E+03 2.21802E-02 
7.94340E+03 3.19267E-02 
7.94480E+03 4.16063E-02 
7.94620E+03 5.97410E-02 
7.94760E+03 9.32633E-02 
7.94900E+03 6.11602E-02 
7.95040E+03 5.82632E-02 
7.95180E+03 3.18093E-02 
7.95320E+03 2.89581E-02 
7.95460E+03 4.44627E-02 
7.95600E+03 3.94047E-02 
7.95740E+03 4.87650E-02 
7.95880E+03 5.37984E-02 
7.96020E+03 4.64468E-02 
7.96160E+03 5.67474E-02 
7.96300E+03 5.30161E-02 
7.96440E+03 5.22541E-02 
7.96580E+03 2.41989E-02 
7.96720E+03 5.49984E-02 
7.96860E+03 6.13992E-02 
7.97000E+03 4.46804E-02 
7.97140E+03 5.98341E-02 
7.97280E+03 5.15241E-02 
7.97420E+03 5.10783E-02 
7.97560E+03 3.17102E-02 
7.97700E+03 2.55634E-02 
7.97840E+03 6.25427E-02 
7.97980E+03 2.88613E-02 
7.98120E+03 3.07703E-02 
7.98260E+03 3.07590E-02 
7.98400E+03 4.87261E-02 
7.98540E+03 4.78292E-02 
7.98680E+03 4.63625E-02 
7.98820E+03 2.55509E-02 
7.98960E+03 4.15479E-02 
7.99100E+03 3.36224E-02 
7.99240E+03 2.60482E-02 
7.99380E+03 5.53880E-02 
7.99520E+03 2.54240E-02 
7.99660E+03 4.38540E-02 
7.99800E+03 4.52353E-02 
7.99940E+03 4.34112E-02 
8.00080E+03 3.99560E-02 
8.00220E+03 5.16578E-02 
8.00360E+03 1.71772E-02 
8.00500E+03 3.79963E-02 
8.00640E+03 4.14784E-02 
8.00780E+03 4.79141E-02 
8.00920E+03 1.12572E-02 
8.01060E+03 2.28563E-02 
8.01200E+03 3.01981E-02 
8.01340E+03 2.18889E-02 
8.01480E+03 7.33368E-02 
8.01620E+03 3.85693E-02 
8.01760E+03 3.13576E-02 
8.01900E+03 2.92957E-02 
8.02040E+03 2.00714E-02 
8.02180E+03 2.42276E-02 
8.02320E+03 2.14177E-02 
8.02460E+03 1.53113E-02 
8.02600E+03 4.81517E-02 
8.02740E+03 1.73484E-02 
8.02880E+03 3.36321E-02 
8.03020E+03 1.02945E-02 
8.03160E+03 3.20847E-02 
8.03300E+03 4.47599E-02 
8.03440E+03 2.00211E-02 
8.03580E+03 1.74088E-02 
8.03720E+03 3.44871E-02 
8.03860E+03 3.67262E-02 
8.04000E+03 -1.61367E-02 
8.04140E+03 1.36614E-02 
8.04280E+03 4.76719E-02 
8.04420E+03 8.76385E-02 
8.04560E+03 9.41823E-02 
8.04700E+03 8.25103E-02 
8.04840E+03 5.79060E-02 
8.04980E+03 4.05687E-02 
8.05120E+03 1.48846E-02 
8.05260E+03 -1.40498E-03 
8.05400E+03 2.53009E-02 
8.05540E+03 3.62202E-02 
8.05680E+03 2.88888E-02 
8.05820E+03 3.57241E-02 
8.05960E+03 3.47059E-02 
8.06100E+03 1.93826E-02 
8.06240E+03 7.65506E-04 
8.06380E+03 -2.51456E-03 
8.06520E+03 6.19611E-03 
8.06660E+03 4.93307E-02 
8.06800E+03 2.00742E-02 
8.06940E+03 2.44881E-02 
8.07080E+03 -2.30634E-02 
8.07220E+03 9.62633E-03 
8.07360E+03 1.21203E-02 
8.07500E+03 3.03107E-02 
8.07640E+03 3.67190E-02 
8.07780E+03 3.03876E-02 
8.07920E+03 3.23323E-02 
8.08060E+03 5.58772E-02 
8.08200E+03 6.74404E-02 
8.08340E+03 1.39776E-01 
8.08480E+03 7.88373E-02 
8.08620E+03 3.50812E-03 
8.08760E+03 -1.41050E-01 
8.08900E+03 -4.30056E-01 
8.09040E+03 -1.18325E-01 
8.09180E+03 1.57376E-02 
8.09320E+03 3.19530E-03 
8.09460E+03 6.10174E-02 
8.09600E+03 4.93254E-02 
8.09740E+03 8.64668E-04 
8.09880E+03 -4.86544E-02 
8.10020E+03 4.67585E-03 
8.10160E+03 5.34779E-03 
8.10300E+03 5.95980E-02 
8.10440E+03 -5.86822E-03 
8.10580E+03 1.18672E-02 
8.10720E+03 -3.15157E-02 
8.10860E+03 1.91546E-02 
8.11000E+03 6.67766E-02 
8.11140E+03 2.96814E-02 
8.11280E+03 2.45758E-02 
8.11420E+03 -4.00132E-03 
8.11560E+03 1.46933E-02 
8.11700E+03 -1.78709E-02 
8.11840E+03 8.25237E-02 
8.11980E+03 3.20507E-02 
8.12120E+03 5.30943E-02 
8.12260E+03 -1.04960E-01 
8.12400E+03 9.56173E-03 
8.12540E+03 -4.39305E-02 
8.12680E+03 4.56871E-02 
8.12820E+03 -1.18511E-02 
8.12960E+03 3.98941E-03 
8.13100E+03 4.58088E-02 
8.13240E+03 6.41569E-02 
8.13380E+03 6.45857E-02 
8.13520E+03 4.31084E-03 
8.13660E+03 -1.11543E-02 
8.13800E+03 2.81173E-02 
8.13940E+03 1.60036E-02 
8.14080E+03 -1.07826E-01 
8.14220E+03 -1.13450E-03 
8.14360E+03 -3.19347E-02 
8.14500E+03 6.69040E-02 
8.14640E+03 1.76531E-01 
8.14780E+03 8.12407E-02 
8.14920E+03 -9.15612E-02 
8.15060E+03 3.27007E-02 
8.15200E+03 1.66425E-01 
8.15340E+03 9.67530E-02 
8.15480E+03 2.80974E-02 
8.15620E+03 -4.27892E-02 
8.15760E+03 -3.48462E-02 
8.15900E+03 6.26602E-02 
8.16040E+03 1.48255E-01 
8.16180E+03 9.52290E-02 
8.16320E+03 7.47021E-02 
8.16460E+03 -1.30813E-01 
8.16600E+03 -2.78179E-01 
8.16740E+03 4.50103E-01 
8.16880E+03 4.98387E-01 
8.17020E+03 2.20928E-01 
8.17160E+03 3.58693E-01 
8.17300E+03 -1.07451E-01 
8.17440E+03 4.79451E-02 
8.17580E+03 -1.51069E-01 
8.17720E+03 1.21852E-01 
8.17860E+03 2.93835E-01 
8.18000E+03 -1.72404E-02 
8.18140E+03 -9.43866E-02 
8.18280E+03 -3.45651E-01 
8.18420E+03 1.05703E-01 
8.18560E+03 -2.19534E-01 
8.18700E+03 -6.36686E-01 
8.18840E+03 -1.90092E-01 
8.18980E+03 -7.64410E-01 
8.19120E+03 -3.16656E-01 
8.19260E+03 -5.36891E-02 
8.19400E+03 -2.14053E-01 
8.19540E+03 9.02871E-01 
8.19680E+03 2.31539E-01 
8.19820E+03 2.50898E-01 
8.19960E+03 0.00000E+00 
8.20100E+03 0.00000E+00 
8.20240E+03 0.00000E+00 
8.20380E+03 0.00000E+00 
8.20520E+03 0.00000E+00 
8.20660E+03 0.00000E+00 
8.20800E+03 0.00000E+00 
8.20940E+03 0.00000E+00 
8.21080E+03 0.00000E+00 
8.21220E+03 0.00000E+00 
8.21360E+03 0.00000E+00 
8.21500E+03 0.00000E+00 
8.21640E+03 0.00000E+00 
8.21780E+03 0.00000E+00 
8.21920E+03 0.00000E+00 
8.22060E+03 0.00000E+00 
8.22200E+03 0.00000E+00 
8.22340E+03 0.00000E+00 
8.22480E+03 0.00000E+00 
8.22620E+03 0.00000E+00 
8.22760E+03 0.00000E+00 
8.22900E+03 0.00000E+00 
8.23040E+03 0.00000E+00 
8.23180E+03 0.00000E+00 
8.23320E+03 0.00000E+00 
8.23460E+03 0.00000E+00 
8.23600E+03 0.00000E+00 
8.23740E+03 0.00000E+00 
8.23880E+03 0.00000E+00 
8.24020E+03 0.00000E+00 
8.24160E+03 0.00000E+00 
8.24300E+03 0.00000E+00 
8.24440E+03 0.00000E+00 
8.24580E+03 0.00000E+00 
8.24720E+03 0.00000E+00 
8.24860E+03 0.00000E+00 
8.25000E+03 0.00000E+00 
8.25140E+03 0.00000E+00 
8.25280E+03 0.00000E+00 
8.25420E+03 0.00000E+00 
8.25560E+03 0.00000E+00 
8.25700E+03 0.00000E+00 
8.25840E+03 0.00000E+00 
8.25980E+03 0.00000E+00 
8.26120E+03 0.00000E+00 
8.26260E+03 0.00000E+00 
8.26400E+03 0.00000E+00 
8.26540E+03 0.00000E+00 
8.26680E+03 0.00000E+00 
8.26820E+03 0.00000E+00 
8.26960E+03 0.00000E+00 
8.27100E+03 0.00000E+00 
8.27240E+03 0.00000E+00 
8.27380E+03 0.00000E+00 
8.27520E+03 0.00000E+00 
8.27660E+03 0.00000E+00 
8.27800E+03 0.00000E+00 
8.27940E+03 0.00000E+00 
8.28080E+03 0.00000E+00 
8.28220E+03 0.00000E+00 
8.28360E+03 0.00000E+00 
8.28500E+03 0.00000E+00 
8.28640E+03 0.00000E+00 
8.28780E+03 0.00000E+00 
8.28920E+03 0.00000E+00 
8.29060E+03 0.00000E+00 
8.29200E+03 0.00000E+00 
8.29340E+03 0.00000E+00 
8.29480E+03 0.00000E+00 
8.29620E+03 0.00000E+00 
8.29760E+03 0.00000E+00 
8.29900E+03 0.00000E+00 
8.30040E+03 0.00000E+00 
8.30180E+03 0.00000E+00 
8.30320E+03 0.00000E+00 
8.30460E+03 0.00000E+00 
8.30600E+03 0.00000E+00 
8.30740E+03 0.00000E+00 
8.30880E+03 0.00000E+00 
8.31020E+03 0.00000E+00 
8.31160E+03 0.00000E+00 
8.31300E+03 0.00000E+00 
8.31440E+03 0.00000E+00 
8.31580E+03 0.00000E+00 
8.31720E+03 0.00000E+00 
8.31860E+03 0.00000E+00 
8.32000E+03 0.00000E+00 
8.32140E+03 0.00000E+00 
8.32280E+03 0.00000E+00 
8.32420E+03 0.00000E+00 
8.32560E+03 0.00000E+00 
8.32700E+03 0.00000E+00 
8.32840E+03 0.00000E+00 
8.32980E+03 0.00000E+00 
8.33120E+03 0.00000E+00 
8.33260E+03 0.00000E+00 
8.33400E+03 0.00000E+00 
8.33540E+03 0.00000E+00 
8.33680E+03 0.00000E+00 
8.33820E+03 0.00000E+00 
8.33960E+03 0.00000E+00 
8.34100E+03 0.00000E+00 
8.34240E+03 0.00000E+00 
8.34380E+03 0.00000E+00 
8.34520E+03 0.00000E+00 
8.34660E+03 0.00000E+00 
8.34800E+03 0.00000E+00 
8.34940E+03 0.00000E+00 
8.35080E+03 0.00000E+00 
8.35220E+03 0.00000E+00 
8.35360E+03 0.00000E+00 
8.35500E+03 0.00000E+00 
8.35640E+03 0.00000E+00 
8.35780E+03 0.00000E+00 
8.35920E+03 0.00000E+00 
8.36060E+03 0.00000E+00 
8.36200E+03 0.00000E+00 
8.36340E+03 0.00000E+00 
8.36480E+03 0.00000E+00 
8.36620E+03 0.00000E+00 
8.36760E+03 0.00000E+00 
8.36900E+03 0.00000E+00 
8.37040E+03 0.00000E+00 
8.37180E+03 0.00000E+00 
8.37320E+03 0.00000E+00 
8.37460E+03 0.00000E+00 
8.37600E+03 0.00000E+00 
8.37740E+03 0.00000E+00 
8.37880E+03 0.00000E+00 
8.38020E+03 0.00000E+00 
8.38160E+03 0.00000E+00 
8.38300E+03 0.00000E+00 
8.38440E+03 0.00000E+00 
8.38580E+03 0.00000E+00 
8.38720E+03 0.00000E+00 
8.38860E+03 0.00000E+00 
