6.19079E+03 0.00000E+00
6.19506E+03 0.00000E+00
6.19933E+03 0.00000E+00
6.20360E+03 0.00000E+00
6.20787E+03 0.00000E+00
6.21214E+03 0.00000E+00
6.21641E+03 0.00000E+00
6.22068E+03 0.00000E+00
6.22495E+03 0.00000E+00
6.22922E+03 0.00000E+00
6.23349E+03 8.48084E-05
6.23776E+03 8.01073E-05
6.24203E+03 1.07352E-04
6.24630E+03 9.65693E-05
6.25057E+03 9.16822E-05
6.25484E+03 9.06958E-05
6.25911E+03 9.24784E-05
6.26338E+03 9.38284E-05
6.26765E+03 8.38413E-05
6.27192E+03 8.75312E-05
6.27619E+03 3.46897E-05
6.28046E+03 1.21689E-05
6.28473E+03 1.19828E-04
6.28900E+03 1.16875E-04
6.29328E+03 1.89482E-04
6.29755E+03 1.50550E-04
6.30182E+03 1.07892E-04
6.30609E+03 1.24660E-04
6.31036E+03 1.29636E-04
6.31463E+03 1.21134E-04
6.31890E+03 9.29134E-05
6.32317E+03 9.24892E-05
6.32744E+03 8.85824E-05
6.33171E+03 9.47600E-05
6.33598E+03 8.75546E-05
6.34025E+03 8.04720E-05
6.34452E+03 6.52493E-05
6.34879E+03 9.81034E-05
6.35306E+03 9.30978E-05
6.35733E+03 1.02513E-04
6.36160E+03 1.03738E-04
6.36587E+03 8.29263E-05
6.37014E+03 9.56118E-05
6.37441E+03 8.44616E-05
6.37868E+03 9.06515E-05
6.38295E+03 8.73594E-05
6.38722E+03 9.11254E-05
6.39149E+03 9.83211E-05
6.39576E+03 9.58164E-05
6.40003E+03 9.70160E-05
6.40430E+03 1.03492E-04
6.40857E+03 1.00147E-04
6.41284E+03 9.79816E-05
6.41711E+03 9.38434E-05
6.42138E+03 8.48567E-05
6.42565E+03 9.81307E-05
6.42992E+03 1.07037E-04
6.43419E+03 1.13228E-04
6.43846E+03 1.13716E-04
6.44273E+03 9.83510E-05
6.44700E+03 8.62856E-05
6.45127E+03 8.18611E-05
6.45554E+03 9.43478E-05
6.45981E+03 8.30575E-05
6.46408E+03 8.65648E-05
6.46835E+03 8.29404E-05
6.47262E+03 7.39336E-05
6.47689E+03 8.14275E-05
6.48117E+03 7.72505E-05
6.48544E+03 1.04082E-04
6.48971E+03 9.53649E-05
6.49398E+03 8.92958E-05
6.49825E+03 8.55704E-05
6.50252E+03 7.66371E-05
6.50679E+03 8.00868E-05
6.51106E+03 8.22176E-05
6.51533E+03 8.24745E-05
6.51960E+03 9.37175E-05
6.52387E+03 9.26515E-05
6.52814E+03 9.42864E-05
6.53241E+03 9.75275E-05
6.53668E+03 1.01881E-04
6.54095E+03 1.24747E-04
6.54522E+03 1.27214E-04
6.54949E+03 6.37784E-04
6.55376E+03 3.68587E-03
6.55803E+03 5.78977E-03
6.56230E+03 5.94102E-03
6.56657E+03 4.65832E-03
6.57084E+03 1.36367E-03
6.57511E+03 2.07866E-04
6.57938E+03 1.92459E-04
6.58365E+03 2.00992E-04
6.58792E+03 1.74298E-04
6.59219E+03 1.16456E-04
6.59646E+03 9.05393E-05
6.60073E+03 8.70827E-05
6.60500E+03 7.55081E-05
6.60927E+03 8.26551E-05
6.61354E+03 8.10729E-05
6.61781E+03 8.08064E-05
6.62208E+03 9.02482E-05
6.62635E+03 8.85203E-05
6.63062E+03 8.33952E-05
6.63489E+03 8.01956E-05
6.63916E+03 8.86114E-05
6.64343E+03 8.13887E-05
6.64770E+03 7.58730E-05
6.65197E+03 8.67199E-05
6.65624E+03 8.17786E-05
6.66051E+03 8.69435E-05
6.66478E+03 9.10883E-05
6.66905E+03 8.63678E-05
6.67332E+03 9.34423E-05
6.67760E+03 1.00501E-04
6.68187E+03 1.02791E-04
6.68614E+03 1.10001E-04
6.69041E+03 9.87459E-05
6.69468E+03 8.34799E-05
6.69895E+03 6.85485E-05
6.70322E+03 7.60893E-05
6.70749E+03 1.78575E-04
6.71176E+03 2.90678E-04
6.71603E+03 3.24217E-04
6.72030E+03 3.52474E-04
6.72457E+03 2.92683E-04
6.72884E+03 2.36872E-04
6.73311E+03 2.50482E-04
6.73738E+03 2.02782E-04
6.74165E+03 9.54542E-05
6.74592E+03 8.61113E-05
6.75019E+03 1.07380E-04
6.75446E+03 1.34465E-04
6.75873E+03 1.65136E-04
6.76300E+03 1.53744E-04
6.76727E+03 1.31694E-04
6.77154E+03 1.09282E-04
6.77581E+03 7.80611E-05
6.78008E+03 7.62450E-05
6.78435E+03 8.28054E-05
6.78862E+03 8.03041E-05
6.79289E+03 6.88880E-05
6.79716E+03 8.16799E-05
6.80143E+03 8.02632E-05
6.80570E+03 7.79580E-05
6.80997E+03 6.72840E-05
6.81424E+03 6.90471E-05
6.81851E+03 7.25379E-05
6.82278E+03 8.41828E-05
6.82705E+03 9.23863E-05
6.83132E+03 7.95308E-05
6.83559E+03 6.55809E-05
6.83986E+03 6.17282E-05
6.84413E+03 7.67926E-05
6.84840E+03 6.42800E-05
6.85267E+03 8.55787E-05
6.85694E+03 5.81892E-05
6.86121E+03 5.90370E-05
6.86548E+03 5.86573E-05
6.86975E+03 5.45656E-05
6.87403E+03 7.08269E-05
6.87830E+03 6.37587E-05
6.88257E+03 7.65273E-05
6.88684E+03 7.82266E-05
6.89111E+03 7.86752E-05
6.89538E+03 7.86416E-05
6.89965E+03 7.63843E-05
6.90392E+03 6.24438E-05
6.90819E+03 7.17220E-05
6.91246E+03 7.05869E-05
6.91673E+03 5.71046E-05
6.92100E+03 7.41373E-05
6.92527E+03 7.42068E-05
6.92954E+03 7.33492E-05
6.93381E+03 6.75564E-05
6.93808E+03 9.78172E-05
6.94235E+03 6.46490E-05
6.94662E+03 7.24732E-05
6.95089E+03 7.42692E-05
6.95516E+03 5.26927E-05
6.95943E+03 6.75041E-05
6.96370E+03 6.17682E-05
6.96797E+03 8.05947E-05
6.97224E+03 7.25025E-05
6.97651E+03 6.59307E-05
6.98078E+03 6.61654E-05
6.98505E+03 7.27559E-05
6.98932E+03 7.41078E-05
6.99359E+03 7.09501E-05
6.99786E+03 8.86863E-05
7.00213E+03 1.15773E-04
7.00640E+03 1.18701E-04
7.01067E+03 1.16598E-04
7.01494E+03 9.15257E-05
7.01921E+03 8.61981E-05
7.02348E+03 8.95585E-05
7.02775E+03 8.42227E-05
7.03202E+03 7.65332E-05
7.03629E+03 8.08268E-05
7.04056E+03 7.73280E-05
7.04483E+03 6.50563E-05
7.04910E+03 7.53025E-05
7.05337E+03 7.82679E-05
7.05764E+03 7.41084E-05
7.06192E+03 8.29824E-05
7.06619E+03 8.75429E-05
7.07046E+03 8.98822E-05
7.07473E+03 7.51731E-05
7.07900E+03 6.82955E-05
7.08327E+03 7.22299E-05
7.08754E+03 6.17571E-05
7.09181E+03 9.38317E-05
7.09608E+03 1.60350E-04
7.10035E+03 1.92830E-04
7.10462E+03 1.88593E-04
7.10889E+03 1.63113E-04
7.11316E+03 9.27532E-05
7.11743E+03 6.81993E-05
7.12170E+03 7.35227E-05
7.12597E+03 1.04395E-04
7.13024E+03 1.75693E-04
7.13451E+03 2.30965E-04
7.13878E+03 2.23550E-04
7.14305E+03 1.94081E-04
7.14732E+03 1.31728E-04
7.15159E+03 1.01518E-04
7.15586E+03 8.74084E-05
7.16013E+03 7.02574E-05
7.16440E+03 7.04962E-05
7.16867E+03 7.70294E-05
7.17294E+03 8.63182E-05
7.17721E+03 8.19052E-05
7.18148E+03 7.66932E-05
7.18575E+03 7.69081E-05
7.19002E+03 6.57743E-05
7.19429E+03 4.84779E-05
7.19856E+03 6.40018E-05
7.20283E+03 7.12686E-05
7.20710E+03 7.29707E-05
7.21137E+03 7.77247E-05
7.21564E+03 7.37862E-05
7.21991E+03 7.07865E-05
7.22418E+03 4.61306E-05
7.22845E+03 4.19281E-05
7.23272E+03 5.40550E-05
7.23699E+03 6.96617E-05
7.24126E+03 6.99647E-05
7.24553E+03 6.72032E-05
7.24980E+03 4.89168E-05
7.25407E+03 4.67919E-05
7.25835E+03 6.13838E-05
7.26262E+03 5.40849E-05
7.26689E+03 6.33219E-05
7.27116E+03 6.40824E-05
7.27543E+03 5.62030E-05
7.27970E+03 7.32646E-05
7.28397E+03 5.13099E-05
7.28824E+03 6.75040E-05
7.29251E+03 6.01973E-05
7.29678E+03 6.80565E-05
7.30105E+03 8.57093E-05
7.30532E+03 6.45281E-05
7.30959E+03 6.92578E-05
7.31386E+03 6.53526E-05
7.31813E+03 7.33823E-05
7.32240E+03 1.01073E-04
7.32667E+03 1.42254E-04
7.33094E+03 1.60557E-04
7.33521E+03 1.79963E-04
7.33948E+03 1.75883E-04
7.34375E+03 1.28406E-04
7.34802E+03 9.56319E-05
7.35229E+03 4.97477E-05
7.35656E+03 7.64545E-05
7.36083E+03 7.55210E-05
7.36510E+03 5.87039E-05
7.36937E+03 7.46875E-05
7.37364E+03 4.40110E-05
7.37791E+03 5.48240E-05
7.38218E+03 6.54841E-05
7.38645E+03 5.88297E-05
7.39072E+03 8.73354E-05
7.39499E+03 7.96876E-05
7.39926E+03 5.29047E-05
7.40353E+03 7.19616E-05
7.40780E+03 4.83026E-05
7.41207E+03 6.53099E-05
7.41634E+03 6.63811E-05
7.42061E+03 6.96707E-05
7.42488E+03 7.14008E-05
7.42915E+03 6.63324E-05
7.43342E+03 6.85889E-05
7.43769E+03 6.14254E-05
7.44196E+03 7.04217E-05
7.44623E+03 6.67247E-05
7.45050E+03 6.54371E-05
7.45477E+03 5.74732E-05
7.45905E+03 5.81166E-05
7.46332E+03 5.86326E-05
7.46759E+03 6.45383E-05
7.47186E+03 7.39162E-05
7.47613E+03 7.59090E-05
7.48040E+03 6.53728E-05
7.48467E+03 7.11166E-05
7.48894E+03 6.48943E-05
7.49321E+03 6.21879E-05
7.49748E+03 7.04788E-05
7.50175E+03 6.81939E-05
7.50602E+03 6.33645E-05
7.51029E+03 6.93724E-05
7.51456E+03 4.67567E-05
7.51883E+03 3.88305E-05
7.52310E+03 4.47481E-05
7.52737E+03 6.71103E-05
7.53164E+03 8.16530E-05
7.53591E+03 7.41419E-05
7.54018E+03 7.19892E-05
7.54445E+03 6.70562E-05
7.54872E+03 5.40423E-05
7.55299E+03 6.39594E-05
7.55726E+03 6.86394E-05
7.56153E+03 7.07955E-05
7.56580E+03 7.22196E-05
7.57007E+03 6.58305E-05
7.57434E+03 5.98346E-05
7.57861E+03 6.42444E-05
7.58288E+03 5.96758E-05
7.58715E+03 5.29246E-05
7.59142E+03 5.24390E-05
7.59569E+03 4.46906E-05
7.59996E+03 4.11939E-05
7.60423E+03 3.74106E-05
7.60850E+03 4.45342E-05
7.61277E+03 4.46480E-05
7.61704E+03 4.80126E-05
7.62131E+03 3.54506E-05
7.62558E+03 3.49707E-05
7.62985E+03 4.98494E-05
7.63412E+03 5.30110E-05
7.63839E+03 6.24331E-05
7.64267E+03 1.09069E-04
7.64694E+03 1.45140E-04
7.65121E+03 1.51073E-04
7.65548E+03 1.30108E-04
7.65975E+03 8.14701E-05
7.66402E+03 6.49588E-05
7.66829E+03 6.40344E-05
7.67256E+03 6.40282E-05
7.67683E+03 5.98934E-05
7.68110E+03 5.99469E-05
7.68537E+03 6.64942E-05
7.68964E+03 6.25832E-05
7.69391E+03 5.76655E-05
7.69818E+03 4.70530E-05
7.70245E+03 5.89397E-05
7.70672E+03 5.78562E-05
7.71099E+03 4.01214E-05
7.71526E+03 6.28682E-05
7.71953E+03 4.68778E-05
7.72380E+03 4.54604E-05
7.72807E+03 6.88219E-05
7.73234E+03 5.38897E-05
7.73661E+03 4.71565E-05
7.74088E+03 6.12836E-05
7.74515E+03 4.44221E-05
7.74942E+03 6.77166E-05
7.75369E+03 9.32216E-05
7.75796E+03 6.74412E-05
7.76223E+03 7.77365E-05
7.76650E+03 6.48221E-05
7.77077E+03 6.09246E-05
7.77504E+03 5.98204E-05
7.77931E+03 4.62885E-05
7.78358E+03 3.66620E-05
7.78785E+03 2.68200E-05
7.79212E+03 4.22689E-05
7.79639E+03 6.04363E-05
7.80066E+03 6.60112E-05
7.80493E+03 5.28133E-05
7.80920E+03 5.33214E-05
7.81347E+03 4.59940E-05
7.81774E+03 4.38011E-05
7.82201E+03 4.87376E-05
7.82628E+03 7.95957E-05
7.83055E+03 5.51841E-05
7.83482E+03 5.22827E-05
7.83909E+03 4.08332E-05
7.84337E+03 5.09770E-05
7.84764E+03 4.62505E-05
7.85191E+03 3.39143E-05
7.85618E+03 5.34283E-05
7.86045E+03 4.49805E-05
7.86472E+03 4.80805E-05
7.86899E+03 3.85817E-05
7.87326E+03 5.60712E-05
7.87753E+03 4.85974E-05
7.88180E+03 4.56211E-05
7.88607E+03 5.88146E-05
7.89034E+03 6.32084E-05
7.89461E+03 6.74468E-05
7.89888E+03 5.74809E-05
7.90315E+03 2.27939E-05
7.90742E+03 1.94800E-05
7.91169E+03 -1.11512E-07
7.91596E+03 3.95018E-05
7.92023E+03 4.51440E-05
7.92450E+03 5.38543E-05
7.92877E+03 5.58811E-05
7.93304E+03 6.38438E-05
7.93731E+03 6.72675E-05
7.94158E+03 6.33411E-05
7.94585E+03 5.59512E-05
7.95012E+03 4.62500E-05
7.95439E+03 5.35049E-06
7.95866E+03 1.25862E-05
7.96293E+03 2.73310E-05
7.96720E+03 5.25690E-05
7.97147E+03 7.92231E-05
7.97574E+03 5.95185E-05
7.98001E+03 2.66095E-05
7.98428E+03 -6.61977E-06
7.98855E+03 -8.81453E-06
7.99282E+03 1.40627E-05
7.99709E+03 7.84238E-05
8.00136E+03 8.08599E-05
8.00563E+03 6.95198E-05
8.00990E+03 6.59685E-05
8.01417E+03 2.81580E-05
8.01844E+03 1.55323E-05
8.02271E+03 2.22664E-05
8.02698E+03 3.56470E-05
8.03125E+03 7.24546E-05
8.03552E+03 7.30647E-05
8.03980E+03 8.32924E-05
8.04407E+03 9.30374E-05
8.04834E+03 8.06467E-05
8.05261E+03 5.28193E-05
8.05688E+03 4.84305E-05
8.06115E+03 4.39415E-05
8.06542E+03 6.11497E-05
8.06969E+03 6.92544E-05
8.07396E+03 6.56078E-05
8.07823E+03 6.65331E-05
8.08250E+03 6.71476E-05
8.08677E+03 6.54829E-05
8.09104E+03 5.55410E-05
8.09531E+03 5.44667E-05
8.09958E+03 5.73358E-05
8.10385E+03 5.90775E-05
8.10812E+03 7.38793E-05
8.11239E+03 6.53059E-05
8.11666E+03 7.17366E-05
8.12093E+03 6.74344E-05
8.12520E+03 5.44111E-05
8.12947E+03 5.09027E-05
8.13374E+03 4.52789E-05
8.13801E+03 5.19622E-05
8.14228E+03 5.98593E-05
8.14655E+03 6.66465E-05
8.15082E+03 6.59278E-05
8.15509E+03 5.82560E-05
8.15936E+03 5.53502E-05
8.16363E+03 5.53622E-05
8.16790E+03 4.62837E-05
8.17217E+03 4.57946E-05
8.17644E+03 3.22123E-05
8.18071E+03 4.45907E-05
8.18498E+03 1.48998E-04
8.18925E+03 2.65924E-04
8.19352E+03 3.09613E-04
8.19779E+03 2.79601E-04
8.20206E+03 1.77012E-04
8.20633E+03 8.69843E-05
8.21060E+03 5.38722E-05
8.21487E+03 5.09711E-05
8.21914E+03 5.47452E-05
8.22342E+03 5.87703E-05
8.22768E+03 5.90343E-05
8.23196E+03 7.74279E-05
8.23623E+03 9.86367E-05
8.24050E+03 1.34562E-04
8.24477E+03 1.47027E-04
8.24904E+03 1.34684E-04
8.25331E+03 1.04091E-04
8.25758E+03 7.04082E-05
8.26185E+03 6.40263E-05
8.26612E+03 5.88167E-05
8.27039E+03 4.00691E-05
8.27466E+03 3.17944E-05
8.27893E+03 4.76513E-07
8.28320E+03 2.34745E-05
8.28747E+03 -2.28442E-05
8.29174E+03 6.60660E-06
8.29601E+03 2.23254E-05
8.30028E+03 1.84489E-05
8.30455E+03 7.42365E-05
8.30882E+03 4.19597E-05
8.31309E+03 5.37760E-05
8.31736E+03 5.84456E-05
8.32163E+03 5.71595E-05
8.32590E+03 5.63886E-05
8.33017E+03 1.37126E-05
8.33444E+03 -1.21985E-04
8.33871E+03 -9.51656E-05
8.34298E+03 -9.62566E-05
8.34725E+03 3.18896E-05
8.35152E+03 4.77311E-05
8.35579E+03 6.14235E-05
8.36006E+03 5.87532E-05
8.36433E+03 4.26541E-05
8.36860E+03 4.55154E-05
8.37287E+03 1.87084E-05
8.37714E+03 2.14266E-05
8.38141E+03 3.74219E-05
8.38568E+03 2.84067E-05
8.38995E+03 1.39409E-05
8.39422E+03 2.61136E-05
8.39849E+03 7.52463E-06
8.40276E+03 8.22004E-05
8.40703E+03 5.27053E-05
8.41130E+03 4.89136E-05
8.41557E+03 -4.64451E-06
8.41984E+03 -6.47930E-05
8.42412E+03 -8.06029E-05
8.42839E+03 -4.14741E-05
8.43266E+03 7.22403E-05
8.43693E+03 5.81066E-05
8.44120E+03 5.84786E-05
8.44547E+03 8.47933E-05
8.44974E+03 5.96478E-05
8.45401E+03 4.31483E-05
8.45828E+03 3.70180E-05
8.46255E+03 8.20979E-06
8.46682E+03 7.22612E-05
8.47109E+03 5.91894E-05
8.47536E+03 4.88449E-05
8.47963E+03 5.48824E-05
8.48390E+03 7.10918E-05
8.48817E+03 7.09917E-05
8.49244E+03 6.25772E-05
8.49671E+03 9.61496E-05
8.50098E+03 6.01688E-05
8.50525E+03 7.69591E-05
8.50952E+03 5.78693E-05
8.51379E+03 3.00142E-05
8.51806E+03 3.66643E-05
8.52233E+03 4.44127E-05
8.52660E+03 5.08801E-05
8.53087E+03 5.60214E-05
8.53514E+03 5.74205E-05
8.53941E+03 8.14373E-05
8.54368E+03 6.07844E-05
8.54795E+03 6.05656E-05
8.55222E+03 6.25846E-05
8.55649E+03 4.82342E-05
8.56076E+03 4.64760E-05
8.56503E+03 4.76288E-05
8.56930E+03 2.74440E-05
8.57357E+03 4.22564E-05
8.57784E+03 5.64464E-05
8.58211E+03 5.98638E-05
8.58638E+03 6.45184E-05
8.59065E+03 6.43070E-05
8.59492E+03 5.04645E-05
8.59919E+03 5.71088E-05
8.60346E+03 3.96560E-05
8.60773E+03 3.30345E-05
8.61200E+03 3.17966E-05
8.61628E+03 2.25645E-05
8.62054E+03 3.89465E-05
8.62482E+03 4.77491E-05
8.62909E+03 5.51072E-05
8.63336E+03 5.37900E-05
8.63763E+03 4.75713E-05
8.64190E+03 4.83694E-05
8.64617E+03 3.77742E-05
8.65044E+03 3.49229E-05
8.65471E+03 3.42935E-05
8.65898E+03 3.58295E-05
8.66325E+03 4.39161E-05
8.66752E+03 4.47088E-05
8.67179E+03 4.84236E-05
8.67606E+03 4.82102E-05
8.68033E+03 3.72224E-05
8.68460E+03 4.47319E-05
8.68887E+03 3.98477E-05
8.69314E+03 4.25972E-05
8.69741E+03 4.58921E-05
8.70168E+03 5.12078E-05
8.70595E+03 5.77121E-05
8.71022E+03 5.73556E-05
8.71449E+03 4.76453E-05
8.71876E+03 4.45151E-05
8.72303E+03 4.41677E-05
8.72730E+03 5.05404E-05
8.73157E+03 4.67047E-05
8.73584E+03 4.42935E-05
8.74011E+03 4.31356E-05
8.74438E+03 5.24892E-05
8.74865E+03 3.25331E-05
8.75292E+03 1.01942E-05
8.75719E+03 -3.57343E-05
8.76146E+03 -1.39399E-05
8.76573E+03 -1.98434E-05
8.77000E+03 -2.39773E-05
8.77427E+03 2.79093E-05
8.77854E+03 3.37937E-06
8.78281E+03 5.93664E-05
8.78708E+03 4.71537E-05
8.79135E+03 3.79380E-05
8.79562E+03 4.42568E-05
8.79989E+03 3.42700E-05
8.80417E+03 3.13457E-05
8.80843E+03 4.11372E-05
8.81271E+03 4.63072E-05
8.81698E+03 1.68201E-05
8.82125E+03 5.17054E-05
8.82552E+03 -1.47721E-05
8.82979E+03 7.08436E-05
8.83406E+03 3.57201E-05
8.83833E+03 2.91321E-05
8.84260E+03 3.06605E-05
8.84687E+03 1.37488E-05
8.85114E+03 2.38575E-05
8.85541E+03 2.21851E-05
8.85968E+03 3.71917E-05
8.86395E+03 4.53385E-05
8.86822E+03 5.56348E-05
8.87249E+03 4.97323E-05
8.87676E+03 1.02285E-04
8.88103E+03 4.47869E-05
8.88530E+03 3.40175E-05
8.88957E+03 3.97512E-05
8.89384E+03 -1.67748E-05
8.89811E+03 -1.13177E-05
8.90238E+03 1.14502E-05
8.90665E+03 -2.46340E-06
8.91092E+03 8.15996E-05
8.91519E+03 2.48804E-05
8.91946E+03 7.01198E-05
8.92373E+03 2.74905E-05
8.92800E+03 -3.91481E-05
8.93227E+03 4.23700E-05
8.93654E+03 3.97871E-05
8.94081E+03 -1.65031E-05
8.94508E+03 1.58013E-05
8.94935E+03 1.73721E-04
8.95362E+03 3.28723E-04
8.95789E+03 4.53331E-04
8.96216E+03 3.68375E-04
8.96643E+03 1.67266E-04
8.97070E+03 6.64980E-05
8.97497E+03 4.18280E-05
8.97924E+03 4.26825E-05
8.98351E+03 4.62460E-06
8.98778E+03 1.49931E-05
8.99205E+03 3.12157E-05
8.99632E+03 1.98646E-05
9.00059E+03 5.40461E-05
9.00487E+03 4.33977E-05
9.00913E+03 7.14566E-05
9.01341E+03 1.02791E-04
9.01768E+03 1.11294E-04
9.02195E+03 8.92574E-05
9.02622E+03 5.73193E-05
9.03049E+03 3.10189E-05
9.03476E+03 2.49547E-05
9.03903E+03 4.79354E-05
9.04330E+03 4.82055E-05
9.04757E+03 4.84619E-05
9.05184E+03 4.04824E-05
9.05611E+03 3.42212E-05
9.06038E+03 5.42472E-05
9.06465E+03 1.33449E-04
9.06892E+03 2.16981E-04
9.07319E+03 2.45014E-04
9.07746E+03 2.11890E-04
9.08173E+03 1.20412E-04
9.08600E+03 5.26174E-05
9.09027E+03 2.60562E-05
9.09454E+03 9.14994E-06
9.09881E+03 7.68976E-06
9.10308E+03 2.50033E-05
9.10735E+03 3.10427E-05
9.11162E+03 3.11918E-05
9.11589E+03 3.77207E-05
9.12016E+03 4.01668E-05
9.12443E+03 4.30985E-05
9.12870E+03 5.63926E-05
9.13297E+03 4.39858E-05
9.13724E+03 3.24014E-05
9.14151E+03 3.51685E-05
9.14578E+03 4.40679E-05
9.15005E+03 4.49659E-05
9.15432E+03 4.38643E-05
9.15859E+03 3.91619E-05
9.16286E+03 2.64906E-05
9.16713E+03 3.00490E-05
9.17140E+03 3.50228E-05
9.17567E+03 4.15674E-05
9.17994E+03 4.09676E-05
9.18421E+03 3.57804E-05
9.18848E+03 5.40248E-05
9.19275E+03 9.35725E-05
9.19702E+03 1.23487E-04
9.20129E+03 1.39900E-04
9.20557E+03 1.22039E-04
9.20984E+03 1.26156E-04
9.21411E+03 1.06826E-04
9.21838E+03 1.11483E-04
9.22265E+03 9.66970E-05
9.22692E+03 7.35584E-05
9.23119E+03 6.42518E-05
9.23546E+03 5.06186E-05
9.23973E+03 4.53389E-05
9.24400E+03 4.06301E-05
9.24827E+03 4.79159E-05
9.25254E+03 4.45924E-05
9.25681E+03 4.60258E-05
9.26108E+03 4.53541E-05
9.26535E+03 4.17897E-05
9.26962E+03 3.49940E-05
9.27389E+03 3.21428E-05
9.27816E+03 3.50904E-05
9.28243E+03 3.32825E-05
9.28670E+03 1.87721E-05
9.29097E+03 -3.81830E-06
9.29524E+03 -1.58086E-05
9.29951E+03 8.66507E-06
9.30378E+03 -1.22978E-05
9.30805E+03 -7.83538E-05
9.31232E+03 -2.08423E-05
9.31659E+03 -3.09672E-05
9.32086E+03 -8.93643E-06
9.32513E+03 4.53202E-05
9.32940E+03 1.83459E-04
9.33367E+03 4.11128E-04
9.33794E+03 5.70401E-04
9.34221E+03 5.65674E-04
9.34648E+03 3.94003E-04
9.35075E+03 1.78365E-04
9.35502E+03 5.20378E-05
9.35929E+03 2.00911E-05
9.36356E+03 3.97158E-05
9.36783E+03 9.59010E-05
9.37210E+03 2.44501E-05
9.37637E+03 6.73664E-05
9.38064E+03 3.17517E-05
9.38492E+03 -2.78977E-05
9.38918E+03 -3.08973E-06
9.39346E+03 2.24827E-05
9.39773E+03 1.79852E-05
9.40200E+03 1.74307E-05
9.40627E+03 2.98681E-05
9.41054E+03 6.53607E-05
9.41481E+03 4.53856E-05
9.41908E+03 2.62282E-05
9.42335E+03 -5.23607E-05
9.42762E+03 -4.08361E-05
9.43189E+03 2.17732E-05
9.43616E+03 1.87614E-05
9.44043E+03 6.77809E-05
9.44470E+03 -5.12259E-05
9.44897E+03 -1.13975E-06
9.45324E+03 2.09639E-05
9.45751E+03 3.82290E-05
9.46178E+03 -1.85992E-05
9.46605E+03 7.16500E-05
9.47032E+03 6.34602E-05
9.47459E+03 6.69437E-05
9.47886E+03 4.86737E-05
9.48313E+03 -4.34930E-05
9.48740E+03 -9.65623E-06
9.49167E+03 2.30237E-05
9.49594E+03 1.67778E-05
9.50021E+03 1.84792E-05
9.50448E+03 3.30414E-05
9.50875E+03 5.24373E-05
9.51302E+03 4.98560E-05
9.51729E+03 5.01605E-05
9.52156E+03 5.21050E-05
9.52583E+03 1.41936E-04
9.53010E+03 2.59736E-04
9.53437E+03 3.17088E-04
9.53864E+03 5.04481E-04
9.54291E+03 8.88408E-04
9.54718E+03 1.16454E-03
9.55145E+03 1.19813E-03
9.55572E+03 9.39743E-04
9.55999E+03 4.56309E-04
9.56426E+03 1.32637E-04
9.56853E+03 5.78415E-05
9.57280E+03 2.91966E-05
9.57707E+03 6.31017E-06
9.58134E+03 1.50395E-05
9.58562E+03 2.53642E-05
9.58988E+03 3.10553E-05
9.59416E+03 2.46173E-05
9.59843E+03 2.90713E-05
9.60270E+03 2.64975E-05
9.60697E+03 2.80777E-05
9.61124E+03 3.93003E-05
9.61551E+03 4.20286E-05
9.61978E+03 5.75557E-05
9.62405E+03 3.38907E-05
9.62832E+03 1.22818E-05
9.63259E+03 1.81845E-05
9.63686E+03 7.86239E-05
9.64113E+03 5.85662E-04
9.64540E+03 2.18719E-03
9.64967E+03 3.53240E-03
9.65394E+03 3.76799E-03
9.65821E+03 3.02976E-03
9.66248E+03 1.26267E-03
9.66675E+03 2.57395E-04
9.67102E+03 8.75021E-05
9.67529E+03 4.48003E-05
9.67956E+03 2.17297E-05
9.68383E+03 -1.08546E-05
9.68810E+03 1.96084E-05
9.69237E+03 2.67690E-05
9.69664E+03 5.06521E-05
9.70091E+03 3.97099E-05
9.70518E+03 4.06632E-06
9.70945E+03 5.86267E-05
9.71372E+03 6.12561E-05
9.71799E+03 3.98331E-05
9.72226E+03 1.19847E-05
9.72653E+03 -6.73590E-06
9.73080E+03 -1.68485E-06
9.73507E+03 1.30193E-05
9.73934E+03 3.36785E-05
9.74361E+03 2.53976E-05
9.74788E+03 3.35774E-05
9.75215E+03 2.96458E-05
9.75642E+03 3.04259E-05
9.76069E+03 2.75186E-05
9.76496E+03 3.48204E-05
9.76923E+03 2.33554E-05
9.77350E+03 6.20389E-06
9.77777E+03 4.27233E-06
9.78204E+03 1.20203E-05
9.78632E+03 4.78965E-06
9.79059E+03 3.24135E-05
9.79486E+03 1.54157E-05
9.79913E+03 1.30906E-05
9.80340E+03 2.72384E-05
9.80767E+03 2.95036E-05
9.81194E+03 1.08669E-05
9.81621E+03 1.54092E-05
9.82048E+03 2.09641E-05
9.82475E+03 4.49591E-05
9.82902E+03 2.91199E-05
9.83329E+03 7.87838E-06
9.83756E+03 2.79817E-05
9.84183E+03 3.18192E-05
9.84610E+03 4.19347E-05
9.85037E+03 3.55847E-05
9.85464E+03 -3.07228E-05
9.85891E+03 1.13308E-05
9.86318E+03 6.98272E-05
9.86745E+03 7.62653E-05
9.87172E+03 1.03257E-04
9.87599E+03 -1.39219E-05
9.88026E+03 -4.78241E-05
9.88453E+03 1.73687E-05
9.88880E+03 4.43507E-05
9.89307E+03 4.18047E-05
9.89734E+03 -2.05806E-05
9.90161E+03 3.72724E-05
9.90588E+03 8.04623E-05
9.91015E+03 8.54479E-05
9.91442E+03 6.73312E-05
9.91869E+03 -2.88193E-05
9.92296E+03 -5.24691E-05
9.92723E+03 -4.22695E-05
9.93150E+03 2.22303E-05
9.93577E+03 8.77852E-05
9.94004E+03 6.62247E-05
9.94431E+03 4.55064E-05
9.94858E+03 3.92689E-05
9.95285E+03 3.26621E-05
9.95712E+03 2.86696E-05
9.96139E+03 -9.07450E-06
9.96566E+03 -1.15121E-05
9.96993E+03 2.52999E-07
9.97421E+03 3.46410E-05
9.97848E+03 3.23698E-05
9.98275E+03 9.89637E-06
9.98702E+03 2.98266E-05
9.99129E+03 1.67904E-05
9.99556E+03 -4.75753E-05
9.99983E+03 -3.14864E-05
1.00041E+04 1.66438E-05
1.00084E+04 3.27085E-05
1.00126E+04 8.98043E-05
1.00169E+04 4.10228E-05
1.00212E+04 -1.55314E-05
1.00254E+04 6.68033E-06
1.00297E+04 1.55183E-06
1.00340E+04 -6.37367E-06
1.00383E+04 -7.24698E-06
1.00425E+04 -1.20260E-05
1.00468E+04 -2.82744E-06
1.00511E+04 2.38003E-05
1.00553E+04 6.18292E-05
1.00596E+04 6.06325E-05
1.00639E+04 1.76261E-05
1.00681E+04 1.98295E-05
1.00724E+04 7.72396E-05
1.00767E+04 0.00000E+00
1.00810E+04 0.00000E+00
1.00852E+04 0.00000E+00
1.00895E+04 0.00000E+00
1.00938E+04 0.00000E+00
1.00980E+04 0.00000E+00
1.01023E+04 0.00000E+00
1.01066E+04 0.00000E+00
1.01109E+04 0.00000E+00
1.01151E+04 0.00000E+00
1.01194E+04 0.00000E+00
1.01237E+04 0.00000E+00
1.01279E+04 0.00000E+00
1.01322E+04 0.00000E+00
1.01365E+04 0.00000E+00
1.01407E+04 0.00000E+00
1.01450E+04 0.00000E+00
1.01493E+04 0.00000E+00
1.01536E+04 0.00000E+00
1.01578E+04 0.00000E+00
1.01621E+04 0.00000E+00
1.01664E+04 0.00000E+00
1.01706E+04 0.00000E+00
1.01749E+04 0.00000E+00
1.01792E+04 0.00000E+00
1.01834E+04 0.00000E+00
1.01877E+04 0.00000E+00
1.01920E+04 0.00000E+00
1.01963E+04 0.00000E+00
1.02005E+04 0.00000E+00
1.02048E+04 0.00000E+00
1.02091E+04 0.00000E+00
1.02133E+04 0.00000E+00
1.02176E+04 0.00000E+00
1.02219E+04 0.00000E+00
1.02261E+04 0.00000E+00
1.02304E+04 0.00000E+00
1.02347E+04 0.00000E+00
1.02390E+04 0.00000E+00
1.02432E+04 0.00000E+00
1.02475E+04 0.00000E+00
1.02518E+04 0.00000E+00
1.02560E+04 0.00000E+00
1.02603E+04 0.00000E+00
1.02646E+04 0.00000E+00
1.02689E+04 0.00000E+00
1.02731E+04 0.00000E+00
1.02774E+04 0.00000E+00
1.02817E+04 0.00000E+00
1.02859E+04 0.00000E+00
1.02902E+04 0.00000E+00
1.02945E+04 0.00000E+00
1.02987E+04 0.00000E+00
1.03030E+04 0.00000E+00
1.03073E+04 0.00000E+00
1.03116E+04 0.00000E+00
1.03158E+04 0.00000E+00
1.03201E+04 0.00000E+00
1.03244E+04 0.00000E+00
1.03286E+04 0.00000E+00
1.03329E+04 0.00000E+00
1.03372E+04 0.00000E+00
