3.16448E+03 0.00000E+00
3.16651E+03 0.00000E+00
3.16854E+03 0.00000E+00
3.17057E+03 0.00000E+00
3.17261E+03 0.00000E+00
3.17464E+03 0.00000E+00
3.17667E+03 0.00000E+00
3.17870E+03 0.00000E+00
3.18073E+03 0.00000E+00
3.18276E+03 0.00000E+00
3.18480E+03 0.00000E+00
3.18683E+03 0.00000E+00
3.18886E+03 0.00000E+00
3.19089E+03 0.00000E+00
3.19292E+03 0.00000E+00
3.19495E+03 0.00000E+00
3.19699E+03 0.00000E+00
3.19902E+03 0.00000E+00
3.20105E+03 0.00000E+00
3.20308E+03 0.00000E+00
3.20511E+03 0.00000E+00
3.20714E+03 0.00000E+00
3.20918E+03 0.00000E+00
3.21121E+03 0.00000E+00
3.21324E+03 0.00000E+00
3.21527E+03 0.00000E+00
3.21730E+03 0.00000E+00
3.21933E+03 0.00000E+00
3.22136E+03 0.00000E+00
3.22340E+03 0.00000E+00
3.22543E+03 0.00000E+00
3.22746E+03 0.00000E+00
3.22949E+03 0.00000E+00
3.23152E+03 0.00000E+00
3.23355E+03 0.00000E+00
3.23559E+03 0.00000E+00
3.23762E+03 0.00000E+00
3.23965E+03 0.00000E+00
3.24168E+03 0.00000E+00
3.24371E+03 0.00000E+00
3.24574E+03 0.00000E+00
3.24778E+03 0.00000E+00
3.24981E+03 0.00000E+00
3.25184E+03 0.00000E+00
3.25387E+03 0.00000E+00
3.25590E+03 0.00000E+00
3.25793E+03 0.00000E+00
3.25996E+03 0.00000E+00
3.26200E+03 0.00000E+00
3.26403E+03 0.00000E+00
3.26606E+03 0.00000E+00
3.26809E+03 0.00000E+00
3.27012E+03 0.00000E+00
3.27215E+03 0.00000E+00
3.27419E+03 0.00000E+00
3.27622E+03 0.00000E+00
3.27825E+03 0.00000E+00
3.28028E+03 0.00000E+00
3.28231E+03 0.00000E+00
3.28434E+03 0.00000E+00
3.28638E+03 0.00000E+00
3.28841E+03 0.00000E+00
3.29044E+03 0.00000E+00
3.29247E+03 0.00000E+00
3.29450E+03 0.00000E+00
3.29653E+03 0.00000E+00
3.29856E+03 0.00000E+00
3.30060E+03 0.00000E+00
3.30263E+03 0.00000E+00
3.30466E+03 0.00000E+00
3.30669E+03 0.00000E+00
3.30872E+03 0.00000E+00
3.31075E+03 4.23581E-04
3.31279E+03 2.64518E-04
3.31482E+03 2.11133E-04
3.31685E+03 2.03734E-04
3.31888E+03 4.50535E-04
3.32091E+03 2.42206E-04
3.32294E+03 1.22476E-04
3.32498E+03 3.91003E-04
3.32701E+03 3.12054E-04
3.32904E+03 2.88402E-04
3.33107E+03 3.80508E-04
3.33310E+03 3.41811E-04
3.33513E+03 2.33196E-04
3.33717E+03 4.52898E-04
3.33920E+03 6.14157E-04
3.34123E+03 3.08397E-04
3.34326E+03 4.14456E-04
3.34529E+03 2.31382E-04
3.34732E+03 8.02744E-05
3.34935E+03 3.49469E-04
3.35139E+03 2.92100E-04
3.35342E+03 1.85298E-05
3.35545E+03 1.28085E-04
3.35748E+03 1.71419E-04
3.35951E+03 1.82167E-04
3.36154E+03 2.12532E-04
3.36358E+03 -4.10139E-05
3.36561E+03 -2.64949E-05
3.36764E+03 5.99361E-05
3.36967E+03 1.98213E-04
3.37170E+03 2.22404E-04
3.37373E+03 9.92357E-05
3.37577E+03 2.30811E-04
3.37780E+03 2.91846E-06
3.37983E+03 1.00204E-04
3.38186E+03 1.04689E-04
3.38389E+03 1.16369E-04
3.38592E+03 1.52586E-04
3.38795E+03 1.29228E-04
3.38999E+03 1.74381E-07
3.39202E+03 -1.31877E-05
3.39405E+03 3.01136E-04
3.39608E+03 5.61062E-05
3.39811E+03 2.06388E-04
3.40014E+03 4.65747E-04
3.40218E+03 6.51636E-04
3.40421E+03 -3.65758E-05
3.40624E+03 2.47427E-04
3.40827E+03 1.94275E-04
3.41030E+03 1.69371E-04
3.41233E+03 4.40063E-04
3.41437E+03 1.11315E-04
3.41640E+03 7.70719E-05
3.41843E+03 -7.84496E-06
3.42046E+03 2.41217E-04
3.42249E+03 1.29236E-04
3.42452E+03 1.41821E-04
3.42656E+03 -4.70289E-06
3.42859E+03 8.83811E-05
3.43062E+03 1.53111E-04
3.43265E+03 1.57180E-04
3.43468E+03 1.77494E-04
3.43671E+03 1.76624E-04
3.43874E+03 2.96993E-04
3.44078E+03 1.62766E-04
3.44281E+03 2.68896E-05
3.44484E+03 -4.13512E-05
3.44687E+03 1.89444E-04
3.44890E+03 9.27791E-05
3.45093E+03 -3.51025E-05
3.45297E+03 8.41003E-05
3.45500E+03 1.08789E-05
3.45703E+03 7.63855E-05
3.45906E+03 9.13251E-05
3.46109E+03 8.01379E-05
3.46312E+03 1.39494E-04
3.46516E+03 -2.15817E-05
3.46719E+03 -1.50858E-05
3.46922E+03 -3.52935E-05
3.47125E+03 8.51981E-05
3.47328E+03 3.67177E-05
3.47531E+03 7.98552E-05
3.47734E+03 9.93761E-05
3.47938E+03 1.32909E-04
3.48141E+03 8.78966E-06
3.48344E+03 -1.67043E-05
3.48547E+03 5.68183E-05
3.48750E+03 -2.78853E-06
3.48953E+03 1.68876E-05
3.49157E+03 3.44605E-05
3.49360E+03 8.49633E-05
3.49563E+03 -2.81805E-05
3.49766E+03 -4.66501E-06
3.49969E+03 4.27397E-05
3.50172E+03 -1.60542E-05
3.50376E+03 3.91111E-05
3.50579E+03 6.43273E-05
3.50782E+03 8.88841E-05
3.50985E+03 3.74016E-05
3.51188E+03 6.66054E-06
3.51391E+03 -2.36309E-05
3.51595E+03 -1.53904E-05
3.51798E+03 2.33061E-05
3.52001E+03 5.27690E-05
3.52204E+03 1.00111E-04
3.52407E+03 7.69711E-05
3.52610E+03 1.12064E-04
3.52813E+03 5.02474E-05
3.53017E+03 3.39290E-05
3.53220E+03 7.18647E-05
3.53423E+03 9.51300E-05
3.53626E+03 6.94931E-06
3.53829E+03 -1.22364E-05
3.54032E+03 -1.31955E-05
3.54236E+03 -4.00651E-06
3.54439E+03 1.19742E-05
3.54642E+03 1.57241E-05
3.54845E+03 1.16821E-04
3.55048E+03 1.36042E-04
3.55251E+03 2.04709E-08
3.55455E+03 2.97594E-05
3.55658E+03 9.37486E-05
3.55861E+03 7.11857E-05
3.56064E+03 6.87146E-05
3.56267E+03 1.22480E-05
3.56470E+03 -2.34640E-05
3.56673E+03 -3.95031E-05
3.56877E+03 3.00246E-06
3.57080E+03 1.47734E-04
3.57283E+03 1.43838E-04
3.57486E+03 4.96241E-05
3.57689E+03 3.02511E-05
3.57892E+03 1.42304E-05
3.58096E+03 7.08572E-05
3.58299E+03 -3.87737E-05
3.58502E+03 1.22251E-04
3.58705E+03 5.64098E-05
3.58908E+03 2.97759E-05
3.59111E+03 1.90326E-05
3.59315E+03 1.13714E-04
3.59518E+03 7.46203E-05
3.59721E+03 6.51452E-06
3.59924E+03 -1.71995E-05
3.60127E+03 5.33505E-05
3.60330E+03 8.94624E-05
3.60533E+03 5.04248E-05
3.60737E+03 -3.55994E-05
3.60940E+03 -1.19559E-05
3.61143E+03 1.73325E-04
3.61346E+03 4.88641E-05
3.61549E+03 5.40020E-05
3.61752E+03 5.77029E-05
3.61956E+03 5.26878E-05
3.62159E+03 5.88354E-05
3.62362E+03 3.44794E-05
3.62565E+03 4.60167E-05
3.62768E+03 5.89456E-05
3.62971E+03 1.38553E-04
3.63175E+03 1.19320E-04
3.63378E+03 4.28001E-05
3.63581E+03 6.47515E-05
3.63784E+03 4.38512E-05
3.63987E+03 1.51132E-04
3.64190E+03 9.52670E-05
3.64394E+03 5.22847E-05
3.64597E+03 2.19730E-05
3.64800E+03 5.95720E-05
3.65003E+03 7.64034E-05
3.65206E+03 7.54514E-05
3.65409E+03 4.19956E-05
3.65612E+03 2.84940E-05
3.65816E+03 5.61817E-05
3.66019E+03 7.68354E-05
3.66222E+03 3.49571E-05
3.66425E+03 4.34733E-05
3.66628E+03 9.41143E-05
3.66831E+03 9.68935E-05
3.67035E+03 1.16473E-04
3.67238E+03 4.96734E-05
3.67441E+03 7.69266E-05
3.67644E+03 2.05634E-05
3.67847E+03 6.50902E-06
3.68050E+03 5.84848E-05
3.68254E+03 1.89132E-05
3.68457E+03 3.23392E-05
3.68660E+03 6.32676E-05
3.68863E+03 1.05185E-04
3.69066E+03 3.88244E-05
3.69269E+03 1.90217E-05
3.69473E+03 8.60848E-05
3.69676E+03 1.15171E-04
3.69879E+03 8.81788E-05
3.70082E+03 9.12567E-06
3.70285E+03 8.54724E-06
3.70488E+03 5.50698E-05
3.70691E+03 9.13062E-05
3.70895E+03 8.46050E-05
3.71098E+03 7.81534E-05
3.71301E+03 9.64574E-05
3.71504E+03 7.63337E-05
3.71707E+03 3.83179E-05
3.71910E+03 9.16764E-05
3.72114E+03 1.59423E-04
3.72317E+03 5.03322E-04
3.72520E+03 1.05719E-03
3.72723E+03 1.51137E-03
3.72926E+03 1.51888E-03
3.73129E+03 1.07741E-03
3.73333E+03 5.61528E-04
3.73536E+03 1.96559E-04
3.73739E+03 1.47957E-04
3.73942E+03 5.87100E-05
3.74145E+03 6.68339E-05
3.74348E+03 8.18469E-05
3.74551E+03 7.81604E-05
3.74755E+03 6.40724E-05
3.74958E+03 8.17036E-05
3.75161E+03 1.15756E-04
3.75364E+03 1.17823E-04
3.75567E+03 1.02560E-04
3.75770E+03 6.67961E-05
3.75974E+03 1.05569E-04
3.76177E+03 8.74709E-05
3.76380E+03 1.04682E-04
3.76583E+03 4.96158E-05
3.76786E+03 6.04748E-05
3.76989E+03 1.65577E-04
3.77193E+03 1.29898E-04
3.77396E+03 1.10524E-04
3.77599E+03 7.81300E-05
3.77802E+03 8.52249E-05
3.78005E+03 6.44130E-05
3.78208E+03 5.18271E-05
3.78411E+03 8.61171E-05
3.78615E+03 9.01600E-05
3.78818E+03 9.86648E-05
3.79021E+03 1.38470E-04
3.79224E+03 9.19495E-05
3.79427E+03 1.02552E-04
3.79630E+03 1.25886E-04
3.79834E+03 1.91684E-04
3.80037E+03 1.90261E-04
3.80240E+03 1.52478E-04
3.80443E+03 7.99395E-05
3.80646E+03 7.84168E-05
3.80849E+03 8.42493E-05
3.81053E+03 1.14894E-04
3.81256E+03 1.03717E-04
3.81459E+03 1.17608E-04
3.81662E+03 1.18615E-04
3.81865E+03 1.07632E-04
3.82068E+03 1.08503E-04
3.82272E+03 1.25240E-04
3.82475E+03 1.25917E-04
3.82678E+03 1.22620E-04
3.82881E+03 1.22383E-04
3.83084E+03 1.12995E-04
3.83287E+03 1.87271E-04
3.83490E+03 2.19627E-04
3.83694E+03 2.33363E-04
3.83897E+03 2.61199E-04
3.84100E+03 1.77958E-04
3.84303E+03 1.23020E-04
3.84506E+03 1.07968E-04
3.84709E+03 1.00199E-04
3.84913E+03 1.22598E-04
3.85116E+03 1.22616E-04
3.85319E+03 8.90627E-05
3.85522E+03 1.06909E-04
3.85725E+03 1.33663E-04
3.85928E+03 1.61545E-04
3.86132E+03 1.38746E-04
3.86335E+03 1.70846E-04
3.86538E+03 5.25841E-04
3.86741E+03 1.10093E-03
3.86944E+03 1.45590E-03
3.87147E+03 1.39768E-03
3.87350E+03 9.01642E-04
3.87554E+03 3.30125E-04
3.87757E+03 1.24893E-04
3.87960E+03 9.53646E-05
3.88163E+03 9.46233E-05
3.88366E+03 7.13525E-05
3.88569E+03 1.36010E-04
3.88773E+03 3.08703E-04
3.88976E+03 3.75529E-04
3.89179E+03 3.70306E-04
3.89382E+03 2.47292E-04
3.89585E+03 1.27290E-04
3.89788E+03 1.00741E-04
3.89992E+03 8.03390E-05
3.90195E+03 1.20526E-04
3.90398E+03 9.06153E-05
3.90601E+03 7.89254E-05
3.90804E+03 8.98860E-05
3.91007E+03 1.23248E-04
3.91211E+03 1.07236E-04
3.91414E+03 9.66072E-05
3.91617E+03 1.03382E-04
3.91820E+03 9.82188E-05
3.92023E+03 1.17400E-04
3.92226E+03 1.40716E-04
3.92429E+03 1.17469E-04
3.92633E+03 1.34107E-04
3.92836E+03 1.29152E-04
3.93039E+03 1.12113E-04
3.93242E+03 1.05490E-04
3.93445E+03 1.05827E-04
3.93648E+03 1.11133E-04
3.93852E+03 1.43593E-04
3.94055E+03 1.35845E-04
3.94258E+03 1.29814E-04
3.94461E+03 1.29376E-04
3.94664E+03 1.23336E-04
3.94867E+03 1.27667E-04
3.95071E+03 1.00037E-04
3.95274E+03 9.38608E-05
3.95477E+03 1.19087E-04
3.95680E+03 1.16858E-04
3.95883E+03 8.03040E-05
3.96086E+03 1.01437E-04
3.96289E+03 1.53191E-04
3.96493E+03 2.96372E-04
3.96696E+03 5.39793E-04
3.96899E+03 7.52748E-04
3.97102E+03 7.95592E-04
3.97305E+03 5.98099E-04
3.97508E+03 3.00814E-04
3.97712E+03 1.64316E-04
3.97915E+03 1.13512E-04
3.98118E+03 1.05747E-04
3.98321E+03 1.01114E-04
3.98524E+03 7.04819E-05
3.98727E+03 1.05492E-04
3.98931E+03 1.04598E-04
3.99134E+03 1.08284E-04
3.99337E+03 1.11253E-04
3.99540E+03 8.57503E-05
3.99743E+03 1.15584E-04
3.99946E+03 1.16415E-04
4.00150E+03 1.10717E-04
4.00353E+03 1.16095E-04
4.00556E+03 1.17835E-04
4.00759E+03 1.42311E-04
4.00962E+03 1.09330E-04
4.01165E+03 1.03580E-04
4.01368E+03 1.19350E-04
4.01572E+03 1.29787E-04
4.01775E+03 1.39834E-04
4.01978E+03 1.15444E-04
4.02181E+03 1.22744E-04
4.02384E+03 1.23628E-04
4.02587E+03 1.26068E-04
4.02791E+03 1.53226E-04
4.02994E+03 1.70089E-04
4.03197E+03 1.50278E-04
4.03400E+03 1.19505E-04
4.03603E+03 1.30672E-04
4.03806E+03 1.24811E-04
4.04010E+03 1.16924E-04
4.04213E+03 1.20451E-04
4.04416E+03 1.26651E-04
4.04619E+03 1.12040E-04
4.04822E+03 8.45063E-05
4.05025E+03 1.02341E-04
4.05228E+03 1.21841E-04
4.05432E+03 1.36417E-04
4.05635E+03 1.24545E-04
4.05838E+03 9.58710E-05
4.06041E+03 8.76616E-05
4.06244E+03 8.48970E-05
4.06447E+03 1.02752E-04
4.06651E+03 1.32160E-04
4.06854E+03 1.67129E-04
4.07057E+03 1.26003E-04
4.07260E+03 1.37500E-04
4.07463E+03 1.47159E-04
4.07666E+03 1.28163E-04
4.07870E+03 1.23982E-04
4.08073E+03 1.12622E-04
4.08276E+03 9.17031E-05
4.08479E+03 1.03428E-04
4.08682E+03 1.21595E-04
4.08885E+03 1.35204E-04
4.09089E+03 1.23842E-04
4.09292E+03 1.07785E-04
4.09495E+03 8.34072E-05
4.09698E+03 1.23175E-04
4.09901E+03 2.81262E-04
4.10104E+03 5.29917E-04
4.10307E+03 6.69356E-04
4.10511E+03 6.00095E-04
4.10714E+03 3.82661E-04
4.10917E+03 1.66826E-04
4.11120E+03 1.01927E-04
4.11323E+03 9.08888E-05
4.11526E+03 7.99781E-05
4.11730E+03 7.62351E-05
4.11933E+03 1.04658E-04
4.12136E+03 9.71364E-05
4.12339E+03 9.64224E-05
4.12542E+03 1.05108E-04
4.12745E+03 9.40507E-05
4.12949E+03 8.43356E-05
4.13152E+03 8.85644E-05
4.13355E+03 9.82772E-05
4.13558E+03 1.27986E-04
4.13761E+03 1.19848E-04
4.13964E+03 8.73586E-05
4.14167E+03 1.10937E-04
4.14371E+03 1.22709E-04
4.14574E+03 1.12625E-04
4.14777E+03 1.13109E-04
4.14980E+03 1.26271E-04
4.15183E+03 1.17757E-04
4.15386E+03 1.13078E-04
4.15590E+03 1.18183E-04
4.15793E+03 9.35892E-05
4.15996E+03 1.02802E-04
4.16199E+03 1.07701E-04
4.16402E+03 1.19945E-04
4.16605E+03 1.05311E-04
4.16809E+03 1.11648E-04
4.17012E+03 1.09164E-04
4.17215E+03 1.08830E-04
4.17418E+03 1.23058E-04
4.17621E+03 1.42474E-04
4.17824E+03 1.20508E-04
4.18027E+03 1.02815E-04
4.18231E+03 1.06846E-04
4.18434E+03 1.02814E-04
4.18637E+03 1.11943E-04
4.18840E+03 1.16541E-04
4.19043E+03 1.05271E-04
4.19246E+03 1.12263E-04
4.19450E+03 1.34669E-04
4.19653E+03 1.34161E-04
4.19856E+03 9.39508E-05
4.20059E+03 1.11363E-04
4.20262E+03 1.35648E-04
4.20465E+03 1.33788E-04
4.20669E+03 1.16343E-04
4.20872E+03 1.01437E-04
4.21075E+03 9.03497E-05
4.21278E+03 8.17230E-05
4.21481E+03 9.92754E-05
4.21684E+03 1.26319E-04
4.21888E+03 1.55631E-04
4.22091E+03 1.41411E-04
4.22294E+03 1.16022E-04
4.22497E+03 1.17607E-04
4.22700E+03 1.25587E-04
4.22903E+03 1.34557E-04
4.23106E+03 1.21384E-04
4.23310E+03 1.13248E-04
4.23513E+03 1.01494E-04
4.23716E+03 1.00461E-04
4.23919E+03 1.06178E-04
4.24122E+03 1.05828E-04
4.24325E+03 1.23472E-04
4.24529E+03 1.32918E-04
4.24732E+03 1.14597E-04
4.24935E+03 1.17363E-04
4.25138E+03 1.10863E-04
4.25341E+03 1.07096E-04
4.25544E+03 1.06727E-04
4.25748E+03 1.09390E-04
4.25951E+03 1.05726E-04
4.26154E+03 1.18632E-04
4.26357E+03 1.22502E-04
4.26560E+03 1.10805E-04
4.26763E+03 1.07756E-04
4.26967E+03 8.75965E-05
4.27170E+03 9.45009E-05
4.27373E+03 8.92843E-05
4.27576E+03 8.37487E-05
4.27779E+03 1.10230E-04
4.27982E+03 1.38526E-04
4.28185E+03 1.29118E-04
4.28389E+03 1.27426E-04
4.28592E+03 1.24370E-04
4.28795E+03 1.03861E-04
4.28998E+03 1.05667E-04
4.29201E+03 9.35872E-05
4.29404E+03 9.51309E-05
4.29608E+03 9.82197E-05
4.29811E+03 8.43667E-05
4.30014E+03 1.00369E-04
4.30217E+03 1.17056E-04
4.30420E+03 1.20694E-04
4.30623E+03 9.10791E-05
4.30827E+03 9.49757E-05
4.31030E+03 1.09438E-04
4.31233E+03 8.94266E-05
4.31436E+03 8.29716E-05
4.31639E+03 9.69624E-05
4.31842E+03 7.62645E-05
4.32045E+03 9.53147E-05
4.32249E+03 8.99063E-05
4.32452E+03 7.33422E-05
4.32655E+03 9.41712E-05
4.32858E+03 9.17607E-05
4.33061E+03 1.04979E-04
4.33264E+03 7.18956E-05
4.33468E+03 8.17910E-05
4.33671E+03 2.15355E-04
4.33874E+03 6.49984E-04
4.34077E+03 9.94395E-04
4.34280E+03 1.07115E-03
4.34483E+03 9.04637E-04
4.34687E+03 3.91076E-04
4.34890E+03 1.45577E-04
4.35093E+03 9.97055E-05
4.35296E+03 8.45706E-05
4.35499E+03 1.07285E-04
4.35702E+03 9.32610E-05
4.35905E+03 1.21785E-04
4.36109E+03 2.12790E-04
4.36312E+03 3.43732E-04
4.36515E+03 4.04217E-04
4.36718E+03 3.87001E-04
4.36921E+03 2.46835E-04
4.37124E+03 1.18405E-04
4.37328E+03 8.62105E-05
4.37531E+03 1.05609E-04
4.37734E+03 1.00424E-04
4.37937E+03 7.50479E-05
4.38140E+03 9.89256E-05
4.38343E+03 1.11834E-04
4.38547E+03 7.23299E-05
4.38750E+03 1.05503E-04
4.38953E+03 1.21683E-04
4.39156E+03 9.92486E-05
4.39359E+03 1.06031E-04
4.39562E+03 9.48864E-05
4.39766E+03 1.08553E-04
4.39969E+03 1.20780E-04
4.40172E+03 1.03129E-04
4.40375E+03 1.08282E-04
4.40578E+03 1.13227E-04
4.40781E+03 8.09166E-05
4.40984E+03 9.76337E-05
4.41188E+03 1.11341E-04
4.41391E+03 1.17027E-04
4.41594E+03 9.54015E-05
4.41797E+03 9.04708E-05
4.42000E+03 9.33859E-05
4.42203E+03 8.72746E-05
4.42407E+03 9.71280E-05
4.42610E+03 9.43071E-05
4.42813E+03 9.07975E-05
4.43016E+03 8.60623E-05
4.43219E+03 8.58570E-05
4.43422E+03 1.02747E-04
4.43626E+03 1.04370E-04
4.43829E+03 8.73470E-05
4.44032E+03 8.23379E-05
4.44235E+03 8.01042E-05
4.44438E+03 1.00530E-04
4.44641E+03 9.48163E-05
4.44844E+03 8.71935E-05
4.45048E+03 1.01768E-04
4.45251E+03 9.84406E-05
4.45454E+03 1.19661E-04
4.45657E+03 1.02313E-04
4.45860E+03 1.14444E-04
4.46063E+03 8.93958E-05
4.46267E+03 8.44147E-05
4.46470E+03 7.84685E-05
4.46673E+03 8.51842E-05
4.46876E+03 9.99904E-05
4.47079E+03 1.31638E-04
4.47282E+03 1.45375E-04
4.47486E+03 1.39592E-04
4.47689E+03 1.14992E-04
4.47892E+03 9.19502E-05
4.48095E+03 1.12596E-04
4.48298E+03 1.06510E-04
4.48501E+03 1.19939E-04
4.48704E+03 1.08378E-04
4.48908E+03 9.64378E-05
4.49111E+03 7.88934E-05
4.49314E+03 7.83591E-05
4.49517E+03 6.94415E-05
4.49720E+03 1.04089E-04
4.49923E+03 1.03930E-04
4.50127E+03 9.46238E-05
4.50330E+03 7.60911E-05
4.50533E+03 9.03122E-05
4.50736E+03 1.21119E-04
4.50939E+03 1.02027E-04
4.51142E+03 9.69609E-05
4.51346E+03 9.83012E-05
4.51549E+03 1.01896E-04
4.51752E+03 9.30708E-05
4.51955E+03 1.03017E-04
4.52158E+03 7.26968E-05
4.52361E+03 7.49195E-05
4.52565E+03 5.79132E-05
4.52768E+03 8.86668E-05
4.52971E+03 1.15244E-04
4.53174E+03 9.27901E-05
4.53377E+03 1.01104E-04
4.53580E+03 9.99061E-05
4.53783E+03 8.78580E-05
4.53987E+03 1.13866E-04
4.54190E+03 1.31201E-04
4.54393E+03 1.41959E-04
4.54596E+03 1.50317E-04
4.54799E+03 1.30104E-04
4.55002E+03 8.92767E-05
4.55206E+03 1.02042E-04
4.55409E+03 7.31654E-05
4.55612E+03 1.03251E-04
4.55815E+03 1.10643E-04
4.56018E+03 1.17405E-04
4.56221E+03 9.25724E-05
4.56425E+03 1.06492E-04
4.56628E+03 9.25411E-05
4.56831E+03 8.56308E-05
4.57034E+03 9.84237E-05
4.57237E+03 1.15603E-04
4.57440E+03 9.24228E-05
4.57644E+03 7.88005E-05
4.57847E+03 9.63382E-05
4.58050E+03 9.64811E-05
4.58253E+03 9.98171E-05
4.58456E+03 9.37183E-05
4.58659E+03 9.95226E-05
4.58862E+03 9.10316E-05
4.59066E+03 6.76500E-05
4.59269E+03 7.61287E-05
4.59472E+03 9.92800E-05
4.59675E+03 1.09765E-04
4.59878E+03 8.87591E-05
4.60081E+03 7.27036E-05
4.60285E+03 8.75496E-05
4.60488E+03 8.47961E-05
4.60691E+03 7.89570E-05
4.60894E+03 1.00559E-04
4.61097E+03 1.04385E-04
4.61300E+03 9.70276E-05
4.61504E+03 8.86398E-05
4.61707E+03 9.24935E-05
4.61910E+03 9.72188E-05
4.62113E+03 9.42795E-05
4.62316E+03 8.38572E-05
4.62519E+03 8.01133E-05
4.62722E+03 9.52234E-05
4.62926E+03 1.04438E-04
4.63129E+03 1.07826E-04
4.63332E+03 9.66271E-05
4.63535E+03 9.62115E-05
4.63738E+03 9.01749E-05
4.63941E+03 8.58130E-05
4.64145E+03 9.03068E-05
4.64348E+03 9.81985E-05
4.64551E+03 1.02845E-04
4.64754E+03 9.23552E-05
4.64957E+03 9.17117E-05
4.65160E+03 9.02266E-05
4.65364E+03 9.22364E-05
4.65567E+03 9.14594E-05
4.65770E+03 9.30927E-05
4.65973E+03 9.07889E-05
4.66176E+03 9.54344E-05
4.66379E+03 9.84363E-05
4.66583E+03 1.11723E-04
4.66786E+03 1.14316E-04
4.66989E+03 1.16645E-04
4.67192E+03 1.05897E-04
4.67395E+03 8.66581E-05
4.67598E+03 1.01658E-04
4.67801E+03 8.85750E-05
4.68005E+03 1.08397E-04
4.68208E+03 3.44641E-04
4.68411E+03 9.96207E-04
4.68614E+03 1.56041E-03
4.68817E+03 1.66743E-03
4.69020E+03 1.37283E-03
4.69224E+03 6.70130E-04
4.69427E+03 2.35547E-04
4.69630E+03 1.23904E-04
4.69833E+03 9.96285E-05
4.70036E+03 9.55652E-05
4.70239E+03 9.45420E-05
4.70443E+03 1.04489E-04
4.70646E+03 9.57736E-05
4.70849E+03 1.79717E-04
4.71052E+03 2.93635E-04
4.71255E+03 3.52887E-04
4.71458E+03 3.63667E-04
4.71661E+03 2.91069E-04
4.71865E+03 1.90886E-04
4.72068E+03 1.43099E-04
4.72271E+03 1.00373E-04
4.72474E+03 1.02117E-04
4.72677E+03 1.14580E-04
4.72880E+03 1.16629E-04
4.73084E+03 1.27903E-04
4.73287E+03 8.57464E-05
4.73490E+03 7.66911E-05
4.73693E+03 1.23398E-04
4.73896E+03 2.04778E-04
4.74099E+03 2.53111E-04
4.74303E+03 2.83650E-04
4.74506E+03 2.52887E-04
4.74709E+03 1.43236E-04
4.74912E+03 9.82389E-05
4.75115E+03 9.89808E-05
4.75318E+03 9.22712E-05
4.75521E+03 9.91336E-05
4.75725E+03 1.05225E-04
4.75928E+03 1.07289E-04
4.76131E+03 9.88644E-05
4.76334E+03 8.76693E-05
4.76537E+03 9.83943E-05
4.76740E+03 9.49292E-05
4.76944E+03 1.01021E-04
4.77147E+03 1.05818E-04
4.77350E+03 1.01239E-04
4.77553E+03 1.22324E-04
4.77756E+03 1.15659E-04
4.77959E+03 1.16457E-04
4.78163E+03 9.45109E-05
4.78366E+03 1.04345E-04
4.78569E+03 7.89754E-05
4.78772E+03 8.89321E-05
4.78975E+03 8.96051E-05
4.79178E+03 8.83200E-05
4.79381E+03 1.13073E-04
4.79585E+03 8.94831E-05
4.79788E+03 9.39150E-05
4.79991E+03 8.92421E-05
4.80194E+03 8.01560E-05
4.80397E+03 9.52689E-05
4.80600E+03 8.90812E-05
4.80804E+03 9.49393E-05
4.81007E+03 4.54100E-05
4.81210E+03 7.07227E-05
4.81413E+03 9.55153E-05
4.81616E+03 1.00565E-04
4.81819E+03 9.94227E-05
4.82023E+03 1.06983E-04
4.82226E+03 8.26188E-05
4.82429E+03 8.66473E-05
4.82632E+03 7.53341E-05
4.82835E+03 8.78149E-05
4.83038E+03 8.66092E-05
4.83242E+03 9.29157E-05
4.83445E+03 8.09029E-05
4.83648E+03 1.00111E-04
4.83851E+03 8.90603E-05
4.84054E+03 1.04836E-04
4.84257E+03 9.84196E-05
4.84460E+03 1.01616E-04
4.84664E+03 1.04023E-04
4.84867E+03 9.64450E-05
4.85070E+03 8.40104E-05
4.85273E+03 8.67006E-05
4.85476E+03 9.76856E-05
4.85679E+03 3.11801E-04
4.85883E+03 9.57056E-04
4.86086E+03 1.83154E-03
4.86289E+03 2.28009E-03
4.86492E+03 2.12677E-03
4.86695E+03 1.40317E-03
4.86898E+03 6.02849E-04
4.87102E+03 1.97266E-04
4.87305E+03 1.08923E-04
4.87508E+03 9.37649E-05
4.87711E+03 7.99555E-05
4.87914E+03 9.16258E-05
4.88117E+03 1.05163E-04
4.88321E+03 8.57294E-05
4.88524E+03 7.28442E-05
4.88727E+03 9.02883E-05
4.88930E+03 9.53459E-05
4.89133E+03 9.00672E-05
4.89336E+03 1.10760E-04
4.89539E+03 1.02163E-04
4.89743E+03 9.73909E-05
4.89946E+03 9.52129E-05
4.90149E+03 9.59090E-05
4.90352E+03 7.77205E-05
4.90555E+03 1.06110E-04
4.90758E+03 1.17191E-04
4.90962E+03 1.13045E-04
4.91165E+03 1.10531E-04
4.91368E+03 6.80664E-05
4.91571E+03 8.21867E-05
4.91774E+03 1.18571E-04
4.91977E+03 1.13641E-04
4.92181E+03 1.11348E-04
4.92384E+03 1.18810E-04
4.92587E+03 1.14124E-04
4.92790E+03 1.26217E-04
4.92993E+03 1.20939E-04
4.93196E+03 1.17332E-04
4.93400E+03 1.06431E-04
4.93603E+03 1.05740E-04
4.93806E+03 9.93050E-05
4.94009E+03 8.58113E-05
4.94212E+03 7.39279E-05
4.94415E+03 9.64323E-05
4.94618E+03 1.12164E-04
4.94822E+03 1.17368E-04
4.95025E+03 1.15301E-04
4.95228E+03 1.23321E-04
4.95431E+03 5.20099E-04
4.95634E+03 1.74272E-03
4.95837E+03 3.49877E-03
4.96041E+03 4.54507E-03
4.96244E+03 4.38951E-03
4.96447E+03 2.99434E-03
4.96650E+03 1.31510E-03
4.96853E+03 3.94214E-04
4.97056E+03 1.53984E-04
4.97260E+03 9.78809E-05
4.97463E+03 1.00191E-04
4.97666E+03 1.01373E-04
4.97869E+03 9.63863E-05
4.98072E+03 1.11335E-04
4.98275E+03 1.05102E-04
4.98478E+03 9.92235E-05
4.98682E+03 9.71240E-05
4.98885E+03 9.87582E-05
4.99088E+03 8.21120E-05
4.99291E+03 8.91208E-05
4.99494E+03 9.90284E-05
4.99697E+03 9.34079E-05
4.99901E+03 1.02555E-04
5.00104E+03 2.79679E-04
5.00307E+03 2.01266E-03
5.00510E+03 5.73484E-03
5.00713E+03 9.09832E-03
5.00916E+03 1.03457E-02
5.01120E+03 8.62865E-03
5.01323E+03 5.09677E-03
5.01526E+03 2.00083E-03
5.01729E+03 5.47986E-04
5.01932E+03 1.75293E-04
5.02135E+03 1.22246E-04
5.02338E+03 9.70737E-05
5.02542E+03 6.55875E-05
5.02745E+03 6.19344E-05
5.02948E+03 8.75374E-05
5.03151E+03 1.01080E-04
5.03354E+03 7.80881E-05
5.03557E+03 7.68602E-05
5.03761E+03 7.21831E-05
5.03964E+03 7.51877E-05
5.04167E+03 7.59378E-05
5.04370E+03 9.16241E-05
5.04573E+03 9.25455E-05
5.04776E+03 3.25446E-05
5.04980E+03 3.53715E-05
5.05183E+03 2.44587E-05
5.05386E+03 1.91442E-05
5.05589E+03 2.37725E-05
5.05792E+03 3.21244E-05
5.05995E+03 3.04959E-05
5.06198E+03 2.25506E-05
5.06402E+03 0.00000E+00
5.06605E+03 0.00000E+00
5.06808E+03 0.00000E+00
5.07011E+03 0.00000E+00
5.07214E+03 0.00000E+00
5.07417E+03 0.00000E+00
5.07621E+03 0.00000E+00
5.07824E+03 0.00000E+00
5.08027E+03 0.00000E+00
5.08230E+03 0.00000E+00
5.08433E+03 0.00000E+00
5.08636E+03 0.00000E+00
5.08840E+03 0.00000E+00
