5.10000E+03 2.49118E+00 
5.10140E+03 1.79122E+00 
5.10280E+03 6.36851E-01 
5.10420E+03 6.93732E-01 
5.10560E+03 -6.82212E-01 
5.10700E+03 -7.23091E-01 
5.10840E+03 1.22004E+00 
5.10980E+03 8.93878E-01 
5.11120E+03 6.44499E-01 
5.11260E+03 1.19009E+00 
5.11400E+03 1.17283E+00 
5.11540E+03 1.34994E+00 
5.11680E+03 -8.89186E-01 
5.11820E+03 -9.22892E-01 
5.11960E+03 1.54029E-01 
5.12100E+03 6.22175E-01 
5.12240E+03 -4.82469E-02 
5.12380E+03 -1.53934E-01 
5.12520E+03 1.08738E+00 
5.12660E+03 2.00257E+00 
5.12800E+03 2.52722E+00 
5.12940E+03 1.46077E+00 
5.13080E+03 4.39336E-01 
5.13220E+03 1.83031E+00 
5.13360E+03 1.10427E+00 
5.13500E+03 5.24428E-01 
5.13640E+03 -3.21215E-01 
5.13780E+03 -4.95676E-03 
5.13920E+03 -1.47346E-01 
5.14060E+03 -4.02890E-01 
5.14200E+03 -4.64266E-01 
5.14340E+03 2.13953E-01 
5.14480E+03 6.49926E-02 
5.14620E+03 -3.62488E-01 
5.14760E+03 1.48839E+00 
5.14900E+03 1.07671E+00 
5.15040E+03 6.66203E-01 
5.15180E+03 1.45574E+00 
5.15320E+03 7.22649E-01 
5.15460E+03 -1.40865E-01 
5.15600E+03 2.47961E-01 
5.15740E+03 1.08044E+00 
5.15880E+03 6.87059E-01 
5.16020E+03 4.77611E-01 
5.16160E+03 1.60188E+00 
5.16300E+03 1.16507E+00 
5.16440E+03 3.45792E-01 
5.16580E+03 8.54425E-01 
5.16720E+03 4.95192E-01 
5.16860E+03 1.90503E-01 
5.17000E+03 4.82723E-01 
5.17140E+03 5.35821E-01 
5.17280E+03 -5.17433E-01 
5.17420E+03 -1.13540E-01 
5.17560E+03 1.35949E+00 
5.17700E+03 9.99839E-01 
5.17840E+03 6.13111E-01 
5.17980E+03 1.87501E+00 
5.18120E+03 1.76236E+00 
5.18260E+03 1.00184E+00 
5.18400E+03 7.82388E-01 
5.18540E+03 2.06915E-01 
5.18680E+03 -1.07652E+00 
5.18820E+03 7.76766E-02 
5.18960E+03 1.19300E+00 
5.19100E+03 -5.40991E-02 
5.19240E+03 1.67645E-01 
5.19380E+03 1.96831E+00 
5.19520E+03 1.77216E+00 
5.19660E+03 3.22800E-01 
5.19800E+03 2.78461E-01 
5.19940E+03 1.56118E+00 
5.20080E+03 9.13854E-01 
5.20220E+03 -2.46587E-01 
5.20360E+03 9.94764E-01 
5.20500E+03 8.87972E-01 
5.20640E+03 8.39786E-01 
5.20780E+03 1.11310E+00 
5.20920E+03 9.58689E-01 
5.21060E+03 4.47339E-01 
5.21200E+03 1.15351E+00 
5.21340E+03 1.65231E+00 
5.21480E+03 4.38051E-01 
5.21620E+03 9.42464E-03 
5.21760E+03 2.93426E-01 
5.21900E+03 5.74711E-01 
5.22040E+03 1.45207E-01 
5.22180E+03 3.93441E-01 
5.22320E+03 1.05269E+00 
5.22460E+03 -2.18908E-01 
5.22600E+03 -5.33603E-01 
5.22740E+03 6.45567E-01 
5.22880E+03 2.49654E-01 
5.23020E+03 6.24861E-01 
5.23160E+03 1.54520E+00 
5.23300E+03 7.18827E-01 
5.23440E+03 -1.01671E+00 
5.23580E+03 2.36581E-01 
5.23720E+03 1.71359E+00 
5.23860E+03 1.05895E+00 
5.24000E+03 1.22014E+00 
5.24140E+03 2.00335E+00 
5.24280E+03 1.68154E+00 
5.24420E+03 1.29311E+00 
5.24560E+03 1.88400E+00 
5.24700E+03 9.35766E-01 
5.24840E+03 -5.63790E-01 
5.24980E+03 -3.69487E-01 
5.25120E+03 5.65562E-01 
5.25260E+03 -4.54056E-01 
5.25400E+03 -2.16722E-03 
5.25540E+03 1.82227E+00 
5.25680E+03 1.41602E+00 
5.25820E+03 7.50031E-01 
5.25960E+03 1.00002E+00 
5.26100E+03 1.04582E+00 
5.26240E+03 1.67333E-01 
5.26380E+03 2.03057E-01 
5.26520E+03 6.08110E-01 
5.26660E+03 -1.81620E-01 
5.26800E+03 7.00581E-01 
5.26940E+03 1.09877E+00 
5.27080E+03 6.82780E-01 
5.27220E+03 -6.05578E-01 
5.27360E+03 1.38895E+00 
5.27500E+03 2.42209E+00 
5.27640E+03 1.35657E+00 
5.27780E+03 4.46633E-01 
5.27920E+03 1.14567E+00 
5.28060E+03 1.34461E+00 
5.28200E+03 1.49024E-01 
5.28340E+03 1.01529E-01 
5.28480E+03 8.94474E-01 
5.28620E+03 1.65869E-01 
5.28760E+03 9.41301E-01 
5.28900E+03 1.73730E+00 
5.29040E+03 8.88314E-01 
5.29180E+03 3.64285E-01 
5.29320E+03 9.05916E-01 
5.29460E+03 8.79853E-01 
5.29600E+03 -2.49797E-01 
5.29740E+03 2.80797E-01 
5.29880E+03 6.18121E-01 
5.30020E+03 8.83532E-01 
5.30160E+03 1.58335E-01 
5.30300E+03 9.80292E-01 
5.30440E+03 1.41855E+00 
5.30580E+03 8.37428E-01 
5.30720E+03 9.98478E-01 
5.30860E+03 9.99193E-01 
5.31000E+03 1.22503E+00 
5.31140E+03 2.05636E+00 
5.31280E+03 1.37856E+00 
5.31420E+03 -2.50024E-02 
5.31560E+03 -2.11307E-01 
5.31700E+03 9.24028E-01 
5.31840E+03 7.62081E-01 
5.31980E+03 9.98532E-01 
5.32120E+03 7.00898E-01 
5.32260E+03 1.31533E+00 
5.32400E+03 1.25072E+00 
5.32540E+03 8.81407E-01 
5.32680E+03 8.13971E-01 
5.32820E+03 7.61699E-02 
5.32960E+03 3.44301E-01 
5.33100E+03 6.31478E-01 
5.33240E+03 6.49399E-01 
5.33380E+03 5.31260E-01 
5.33520E+03 1.19589E+00 
5.33660E+03 1.46319E+00 
5.33800E+03 1.04470E+00 
5.33940E+03 1.64096E-01 
5.34080E+03 5.26810E-01 
5.34220E+03 6.23312E-01 
5.34360E+03 3.81260E-01 
5.34500E+03 4.12905E-01 
5.34640E+03 1.15525E+00 
5.34780E+03 9.95113E-01 
5.34920E+03 1.30348E+00 
5.35060E+03 1.27078E+00 
5.35200E+03 1.11194E+00 
5.35340E+03 1.07034E+00 
5.35480E+03 7.32937E-01 
5.35620E+03 9.54088E-01 
5.35760E+03 8.17937E-01 
5.35900E+03 5.78175E-01 
5.36040E+03 4.70428E-01 
5.36180E+03 4.80405E-01 
5.36320E+03 6.09121E-01 
5.36460E+03 1.09890E+00 
5.36600E+03 1.00560E+00 
5.36740E+03 7.91024E-01 
5.36880E+03 1.20682E+00 
5.37020E+03 9.18022E-01 
5.37160E+03 5.90096E-01 
5.37300E+03 7.80880E-01 
5.37440E+03 1.17300E+00 
5.37580E+03 4.27547E-01 
5.37720E+03 1.65363E-01 
5.37860E+03 1.06993E+00 
5.38000E+03 1.16941E+00 
5.38140E+03 4.12156E-01 
5.38280E+03 9.25198E-01 
5.38420E+03 1.22583E+00 
5.38560E+03 9.34221E-01 
5.38700E+03 9.04870E-01 
5.38840E+03 9.73637E-01 
5.38980E+03 4.84247E-01 
5.39120E+03 1.07083E-01 
5.39260E+03 9.82517E-01 
5.39400E+03 4.08389E-01 
5.39540E+03 3.56559E-01 
5.39680E+03 6.19231E-01 
5.39820E+03 1.20708E+00 
5.39960E+03 7.69322E-01 
5.40100E+03 6.97586E-01 
5.40240E+03 1.36478E+00 
5.40380E+03 3.40120E-01 
5.40520E+03 4.57154E-01 
5.40660E+03 1.33711E+00 
5.40800E+03 7.22943E-01 
5.40940E+03 2.74637E-01 
5.41080E+03 8.38842E-01 
5.41220E+03 8.07176E-01 
5.41360E+03 6.01986E-01 
5.41500E+03 6.15423E-01 
5.41640E+03 1.68627E+00 
5.41780E+03 1.18977E+00 
5.41920E+03 6.20653E-01 
5.42060E+03 7.30337E-01 
5.42200E+03 5.47326E-01 
5.42340E+03 2.17738E-02 
5.42480E+03 -2.96661E-02 
5.42620E+03 5.03999E-01 
5.42760E+03 5.94024E-01 
5.42900E+03 9.12824E-01 
5.43040E+03 1.19689E+00 
5.43180E+03 6.68730E-01 
5.43320E+03 4.79165E-01 
5.43460E+03 7.53076E-01 
5.43600E+03 1.27923E+00 
5.43740E+03 3.42730E-01 
5.43880E+03 -1.34380E-01 
5.44020E+03 1.05939E-01 
5.44160E+03 7.80743E-01 
5.44300E+03 4.39377E-01 
5.44440E+03 1.05993E+00 
5.44580E+03 1.30787E+00 
5.44720E+03 8.30100E-01 
5.44860E+03 8.43569E-01 
5.45000E+03 1.00878E+00 
5.45140E+03 3.20130E-01 
5.45280E+03 1.92626E-02 
5.45420E+03 6.18909E-01 
5.45560E+03 3.86516E-01 
5.45700E+03 -1.28485E-01 
5.45840E+03 1.06522E+00 
5.45980E+03 1.65811E+00 
5.46120E+03 1.00807E+00 
5.46260E+03 4.41743E-01 
5.46400E+03 1.25581E+00 
5.46540E+03 7.11374E-01 
5.46680E+03 2.82100E-01 
5.46820E+03 6.97449E-01 
5.46960E+03 8.87310E-01 
5.47100E+03 1.59961E-01 
5.47240E+03 6.01938E-01 
5.47380E+03 1.01529E+00 
5.47520E+03 5.58453E-01 
5.47660E+03 5.56659E-01 
5.47800E+03 1.03396E+00 
5.47940E+03 1.13915E+00 
5.48080E+03 1.04119E+00 
5.48220E+03 4.88965E-01 
5.48360E+03 8.18390E-01 
5.48500E+03 4.55993E-01 
5.48640E+03 3.30665E-01 
5.48780E+03 5.94159E-01 
5.48920E+03 5.60532E-01 
5.49060E+03 4.11131E-01 
5.49200E+03 1.04838E+00 
5.49340E+03 6.42113E-01 
5.49480E+03 3.72910E-01 
5.49620E+03 9.53583E-01 
5.49760E+03 1.49562E+00 
5.49900E+03 7.31381E-01 
5.50040E+03 6.62592E-01 
5.50180E+03 8.66547E-01 
5.50320E+03 5.04601E-01 
5.50460E+03 1.69383E-02 
5.50600E+03 4.14638E-01 
5.50740E+03 8.30026E-01 
5.50880E+03 7.22463E-01 
5.51020E+03 5.90680E-01 
5.51160E+03 9.18306E-01 
5.51300E+03 1.09362E+00 
5.51440E+03 1.04452E+00 
5.51580E+03 1.35073E+00 
5.51720E+03 1.19137E+00 
5.51860E+03 4.33424E-01 
5.52000E+03 3.20290E-01 
5.52140E+03 1.10080E+00 
5.52280E+03 6.20173E-01 
5.52420E+03 2.21122E-01 
5.52560E+03 5.91043E-01 
5.52700E+03 4.87762E-01 
5.52840E+03 6.69007E-01 
5.52980E+03 8.93990E-01 
5.53120E+03 7.38507E-01 
5.53260E+03 3.85816E-01 
5.53400E+03 8.35291E-01 
5.53540E+03 5.56633E-01 
5.53680E+03 2.40095E-02 
5.53820E+03 3.70624E-01 
5.53960E+03 9.62899E-01 
5.54100E+03 8.85474E-01 
5.54240E+03 9.04456E-01 
5.54380E+03 1.07204E+00 
5.54520E+03 1.35220E+00 
5.54660E+03 5.51043E-01 
5.54800E+03 8.16960E-01 
5.54940E+03 1.08021E+00 
5.55080E+03 5.22437E-01 
5.55220E+03 5.47366E-01 
5.55360E+03 9.11535E-01 
5.55500E+03 7.48507E-01 
5.55640E+03 5.37473E-01 
5.55780E+03 8.61729E-01 
5.55920E+03 1.28706E+00 
5.56060E+03 1.02706E+00 
5.56200E+03 1.93631E-01 
5.56340E+03 6.33378E-01 
5.56480E+03 1.07903E+00 
5.56620E+03 5.82689E-01 
5.56760E+03 6.18177E-01 
5.56900E+03 1.09094E+00 
5.57040E+03 5.80340E-01 
5.57180E+03 4.14762E-01 
5.57320E+03 8.05914E-01 
5.57460E+03 2.25129E+00 
5.57600E+03 1.31417E+00 
5.57740E+03 6.92267E+00 
5.57880E+03 9.27430E-01 
5.58020E+03 4.20042E+00 
5.58160E+03 6.58842E-01 
5.58300E+03 1.00936E+00 
5.58440E+03 7.68732E-01 
5.58580E+03 7.78295E-01 
5.58720E+03 9.86101E-01 
5.58860E+03 9.45819E-01 
5.59000E+03 6.64867E-01 
5.59140E+03 9.25718E-01 
5.59280E+03 8.06485E-01 
5.59420E+03 5.54257E-01 
5.59560E+03 9.58357E-01 
5.59700E+03 1.18249E+00 
5.59840E+03 4.26767E-01 
5.59980E+03 4.21016E-01 
5.60120E+03 6.58597E-01 
5.60260E+03 6.25027E-01 
5.60400E+03 6.52998E-01 
5.60540E+03 7.37155E-01 
5.60680E+03 1.19684E+00 
5.60820E+03 1.47943E+00 
5.60960E+03 9.32381E-01 
5.61100E+03 6.58970E-01 
5.61240E+03 5.24981E-01 
5.61380E+03 6.13468E-01 
5.61520E+03 8.03802E-01 
5.61660E+03 5.51514E-01 
5.61800E+03 3.82670E-01 
5.61940E+03 9.44210E-01 
5.62080E+03 9.89848E-01 
5.62220E+03 7.09647E-01 
5.62360E+03 7.67258E-01 
5.62500E+03 9.75480E-01 
5.62640E+03 9.63782E-01 
5.62780E+03 6.77797E-01 
5.62920E+03 7.84737E-01 
5.63060E+03 7.82271E-01 
5.63200E+03 6.17306E-01 
5.63340E+03 5.79650E-01 
5.63480E+03 7.75417E-01 
5.63620E+03 6.84414E-01 
5.63760E+03 6.78808E-01 
5.63900E+03 1.01595E+00 
5.64040E+03 1.22829E+00 
5.64180E+03 9.48210E-01 
5.64320E+03 6.44072E-01 
5.64460E+03 9.17115E-01 
5.64600E+03 8.45898E-01 
5.64740E+03 7.03236E-01 
5.64880E+03 5.62210E-01 
5.65020E+03 7.64008E-01 
5.65160E+03 6.38385E-01 
5.65300E+03 8.53796E-01 
5.65440E+03 1.18014E+00 
5.65580E+03 9.38439E-01 
5.65720E+03 7.37043E-01 
5.65860E+03 1.12465E+00 
5.66000E+03 6.87386E-01 
5.66140E+03 2.97190E-01 
5.66280E+03 7.32425E-01 
5.66420E+03 1.04504E+00 
5.66560E+03 6.50419E-01 
5.66700E+03 6.87333E-01 
5.66840E+03 9.81991E-01 
5.66980E+03 8.27307E-01 
5.67120E+03 4.07375E-01 
5.67260E+03 9.72536E-01 
5.67400E+03 1.06947E+00 
5.67540E+03 3.80691E-01 
5.67680E+03 8.25549E-01 
5.67820E+03 7.99324E-01 
5.67960E+03 1.18559E-01 
5.68100E+03 5.25797E-01 
5.68240E+03 1.18076E+00 
5.68380E+03 9.95074E-01 
5.68520E+03 7.87491E-01 
5.68660E+03 9.13912E-01 
5.68800E+03 9.27972E-01 
5.68940E+03 6.59919E-01 
5.69080E+03 4.66032E-01 
5.69220E+03 1.01462E+00 
5.69360E+03 6.38184E-01 
5.69500E+03 6.65303E-01 
5.69640E+03 7.27052E-01 
5.69780E+03 7.35218E-01 
5.69920E+03 8.79837E-01 
5.70060E+03 1.21381E+00 
5.70200E+03 1.51280E+00 
5.70340E+03 9.07367E-01 
5.70480E+03 9.36446E-01 
5.70620E+03 1.22322E+00 
5.70760E+03 1.06407E+00 
5.70900E+03 -7.40408E-02 
5.71040E+03 4.80984E-01 
5.71180E+03 2.44481E-01 
5.71320E+03 4.82801E-01 
5.71460E+03 8.92965E-01 
5.71600E+03 1.19484E+00 
5.71740E+03 8.62017E-01 
5.71880E+03 1.00183E+00 
5.72020E+03 1.34158E+00 
5.72160E+03 1.22694E+00 
5.72300E+03 8.95595E-01 
5.72440E+03 7.78479E-01 
5.72580E+03 9.23527E-01 
5.72720E+03 4.53729E-01 
5.72860E+03 4.01849E-01 
5.73000E+03 6.69128E-01 
5.73140E+03 9.62821E-01 
5.73280E+03 1.23175E+00 
5.73420E+03 1.02218E+00 
5.73560E+03 1.01064E+00 
5.73700E+03 1.12046E+00 
5.73840E+03 1.17871E+00 
5.73980E+03 1.22269E+00 
5.74120E+03 7.33047E-01 
5.74260E+03 1.13289E-01 
5.74400E+03 6.20082E-01 
5.74540E+03 8.17678E-01 
5.74680E+03 7.04934E-01 
5.74820E+03 1.03068E+00 
5.74960E+03 1.25939E+00 
5.75100E+03 1.37195E+00 
5.75240E+03 1.14465E+00 
5.75380E+03 1.38091E+00 
5.75520E+03 1.14938E+00 
5.75660E+03 7.32910E-01 
5.75800E+03 1.02791E+00 
5.75940E+03 1.01155E+00 
5.76080E+03 6.31041E-01 
5.76220E+03 6.16097E-01 
5.76360E+03 1.17097E+00 
5.76500E+03 1.05046E+00 
5.76640E+03 1.10322E+00 
5.76780E+03 1.13579E+00 
5.76920E+03 1.25974E+00 
5.77060E+03 8.83577E-01 
5.77200E+03 9.01854E-01 
5.77340E+03 1.02412E+00 
5.77480E+03 7.85109E-01 
5.77620E+03 8.44347E-01 
5.77760E+03 9.14617E-01 
5.77900E+03 6.60324E-01 
5.78040E+03 6.37803E-01 
5.78180E+03 1.15847E+00 
5.78320E+03 1.54067E+00 
5.78460E+03 9.81772E-01 
5.78600E+03 4.95046E-01 
5.78740E+03 1.17238E+00 
5.78880E+03 8.73545E-01 
5.79020E+03 8.27223E-01 
5.79160E+03 1.03016E+00 
5.79300E+03 1.05981E+00 
5.79440E+03 7.40252E-01 
5.79580E+03 1.05281E+00 
5.79720E+03 1.16292E+00 
5.79860E+03 1.13678E+00 
5.80000E+03 9.64276E-01 
5.80140E+03 1.29005E+00 
5.80280E+03 1.28785E+00 
5.80420E+03 7.34907E-01 
5.80560E+03 1.03876E+00 
5.80700E+03 1.40768E+00 
5.80840E+03 9.25060E-01 
5.80980E+03 6.01244E-01 
5.81120E+03 8.91814E-01 
5.81260E+03 8.34962E-01 
5.81400E+03 6.92773E-01 
5.81540E+03 8.84013E-01 
5.81680E+03 7.87869E-01 
5.81820E+03 5.94973E-01 
5.81960E+03 9.61409E-01 
5.82100E+03 8.95844E-01 
5.82240E+03 8.26421E-01 
5.82380E+03 6.21448E-01 
5.82520E+03 8.23259E-01 
5.82660E+03 1.04990E+00 
5.82800E+03 1.00974E+00 
5.82940E+03 9.15179E-01 
5.83080E+03 1.36230E+00 
5.83220E+03 1.25324E+00 
5.83360E+03 9.76820E-01 
5.83500E+03 1.02260E+00 
5.83640E+03 9.63124E-01 
5.83780E+03 7.09410E-01 
5.83920E+03 8.56156E-01 
5.84060E+03 6.30528E-01 
5.84200E+03 6.21696E-01 
5.84340E+03 7.14567E-01 
5.84480E+03 1.19113E+00 
5.84620E+03 1.10956E+00 
5.84760E+03 1.01319E+00 
5.84900E+03 1.33379E+00 
5.85040E+03 1.23184E+00 
5.85180E+03 9.21738E-01 
5.85320E+03 8.70995E-01 
5.85460E+03 8.71266E-01 
5.85600E+03 7.26515E-01 
5.85740E+03 5.44348E-01 
5.85880E+03 8.97258E-01 
5.86020E+03 5.70637E-01 
5.86160E+03 7.47827E-01 
5.86300E+03 1.34830E+00 
5.86440E+03 1.38674E+00 
5.86580E+03 1.19808E+00 
5.86720E+03 1.01621E+00 
5.86860E+03 8.21012E-01 
5.87000E+03 4.36948E-01 
5.87140E+03 3.13895E-01 
5.87280E+03 9.36515E-01 
5.87420E+03 9.37051E-01 
5.87560E+03 1.56457E+00 
5.87700E+03 2.58342E+00 
5.87840E+03 2.60811E+00 
5.87980E+03 1.06573E+00 
5.88120E+03 9.13822E-01 
5.88260E+03 1.30242E+00 
5.88400E+03 8.06959E-01 
5.88540E+03 2.32214E-01 
5.88680E+03 8.58219E-01 
5.88820E+03 8.88712E-01 
5.88960E+03 6.73452E-01 
5.89100E+03 9.96191E-01 
5.89240E+03 1.34036E+00 
5.89380E+03 1.45415E+00 
5.89520E+03 5.37052E-01 
5.89660E+03 2.26450E+00 
5.89800E+03 3.42791E-01 
5.89940E+03 8.76608E-01 
5.90080E+03 1.18143E+00 
5.90220E+03 9.37437E-01 
5.90360E+03 5.08407E-01 
5.90500E+03 4.14970E-01 
5.90640E+03 7.07558E-01 
5.90780E+03 9.15714E-01 
5.90920E+03 7.86208E-01 
5.91060E+03 1.06912E+00 
5.91200E+03 9.00576E-01 
5.91340E+03 1.00053E+00 
5.91480E+03 6.83776E-01 
5.91620E+03 7.21586E-01 
5.91760E+03 6.67446E-01 
5.91900E+03 7.86277E-01 
5.92040E+03 6.87736E-01 
5.92180E+03 6.20539E-01 
5.92320E+03 7.12180E-01 
5.92460E+03 1.04787E+00 
5.92600E+03 1.12513E+00 
5.92740E+03 1.05439E+00 
5.92880E+03 6.07845E-01 
5.93020E+03 5.43506E-01 
5.93160E+03 6.19636E-01 
5.93300E+03 5.40504E-01 
5.93440E+03 5.39380E-01 
5.93580E+03 6.52332E-01 
5.93720E+03 6.57126E-01 
5.93860E+03 8.58962E-01 
5.94000E+03 9.46447E-01 
5.94140E+03 6.64716E-01 
5.94280E+03 5.97654E-01 
5.94420E+03 9.08458E-01 
5.94560E+03 8.63381E-01 
5.94700E+03 7.63153E-01 
5.94840E+03 7.54274E-01 
5.94980E+03 8.04467E-01 
5.95120E+03 6.17221E-01 
5.95260E+03 4.72235E-01 
5.95400E+03 5.26395E-01 
5.95540E+03 6.61821E-01 
5.95680E+03 9.41454E-01 
5.95820E+03 1.08602E+00 
5.95960E+03 9.24009E-01 
5.96100E+03 9.95834E-01 
5.96240E+03 1.03138E+00 
5.96380E+03 1.08895E+00 
5.96520E+03 4.93818E-01 
5.96660E+03 2.55190E-01 
5.96800E+03 6.28235E-01 
5.96940E+03 6.15158E-01 
5.97080E+03 4.26214E-01 
5.97220E+03 8.81447E-01 
5.97360E+03 1.03813E+00 
5.97500E+03 8.01061E-01 
5.97640E+03 6.37610E-01 
5.97780E+03 1.18375E+00 
5.97920E+03 9.36138E-01 
5.98060E+03 6.24247E-01 
5.98200E+03 8.75671E-01 
5.98340E+03 9.55257E-01 
5.98480E+03 2.82888E-01 
5.98620E+03 5.05845E-01 
5.98760E+03 1.12485E+00 
5.98900E+03 9.81123E-01 
5.99040E+03 6.62716E-01 
5.99180E+03 1.05135E+00 
5.99320E+03 1.32684E+00 
5.99460E+03 9.24165E-01 
5.99600E+03 1.04638E+00 
5.99740E+03 1.05939E+00 
5.99880E+03 8.06246E-01 
6.00020E+03 4.60026E-01 
6.00160E+03 8.45564E-01 
6.00300E+03 8.01971E-01 
6.00440E+03 7.08585E-01 
6.00580E+03 8.42579E-01 
6.00720E+03 9.49773E-01 
6.00860E+03 8.95926E-01 
6.01000E+03 6.44485E-01 
6.01140E+03 1.09488E+00 
6.01280E+03 1.19264E+00 
6.01420E+03 9.95849E-01 
6.01560E+03 8.63346E-01 
6.01700E+03 7.77733E-01 
6.01840E+03 7.86190E-01 
6.01980E+03 7.30343E-01 
6.02120E+03 1.28096E+00 
6.02260E+03 1.15416E+00 
6.02400E+03 8.91658E-01 
6.02540E+03 1.09947E+00 
6.02680E+03 1.09849E+00 
6.02820E+03 9.30607E-01 
6.02960E+03 7.92659E-01 
6.03100E+03 1.00106E+00 
6.03240E+03 7.81695E-01 
6.03380E+03 5.80195E-01 
6.03520E+03 8.38847E-01 
6.03660E+03 1.12280E+00 
6.03800E+03 9.78633E-01 
6.03940E+03 1.09156E+00 
6.04080E+03 9.69171E-01 
6.04220E+03 9.09257E-01 
6.04360E+03 1.16761E+00 
6.04500E+03 8.82458E-01 
6.04640E+03 9.29019E-01 
6.04780E+03 6.18073E-01 
6.04920E+03 5.47851E-01 
6.05060E+03 9.21839E-01 
6.05200E+03 9.80824E-01 
6.05340E+03 7.75397E-01 
6.05480E+03 1.21200E+00 
6.05620E+03 8.20264E-01 
6.05760E+03 8.37109E-01 
6.05900E+03 6.29015E-01 
6.06040E+03 8.52202E-01 
6.06180E+03 9.14775E-01 
6.06320E+03 1.10395E+00 
6.06460E+03 1.22787E+00 
6.06600E+03 9.50169E-01 
6.06740E+03 7.84763E-01 
6.06880E+03 1.00390E+00 
6.07020E+03 1.45082E+00 
6.07160E+03 1.28646E+00 
6.07300E+03 1.24743E+00 
6.07440E+03 1.28248E+00 
6.07580E+03 9.73037E-01 
6.07720E+03 7.05857E-01 
6.07860E+03 9.41042E-01 
6.08000E+03 5.96759E-01 
6.08140E+03 3.97325E-01 
6.08280E+03 1.11594E+00 
6.08420E+03 8.78421E-01 
6.08560E+03 7.73366E-01 
6.08700E+03 1.02145E+00 
6.08840E+03 1.31760E+00 
6.08980E+03 1.32674E+00 
6.09120E+03 1.07438E+00 
6.09260E+03 9.98192E-01 
6.09400E+03 1.01917E+00 
6.09540E+03 9.67393E-01 
6.09680E+03 7.60323E-01 
6.09820E+03 1.01911E+00 
6.09960E+03 9.31629E-01 
6.10100E+03 1.00247E+00 
6.10240E+03 9.40525E-01 
6.10380E+03 7.79980E-01 
6.10520E+03 7.60844E-01 
6.10660E+03 1.42639E+00 
6.10800E+03 1.51914E+00 
6.10940E+03 8.14849E-01 
6.11080E+03 9.43797E-01 
6.11220E+03 1.11664E+00 
6.11360E+03 1.15315E+00 
6.11500E+03 1.00847E+00 
6.11640E+03 7.96292E-01 
6.11780E+03 7.05664E-01 
6.11920E+03 1.07032E+00 
6.12060E+03 8.58729E-01 
6.12200E+03 1.11561E+00 
6.12340E+03 1.24184E+00 
6.12480E+03 1.03387E+00 
6.12620E+03 1.22212E+00 
6.12760E+03 1.32308E+00 
6.12900E+03 9.20824E-01 
6.13040E+03 7.30826E-01 
6.13180E+03 8.35294E-01 
6.13320E+03 8.42593E-01 
6.13460E+03 9.32562E-01 
6.13600E+03 1.04910E+00 
6.13740E+03 1.31952E+00 
6.13880E+03 1.04824E+00 
6.14020E+03 1.04707E+00 
6.14160E+03 1.27776E+00 
6.14300E+03 1.15885E+00 
6.14440E+03 1.28319E+00 
6.14580E+03 1.07981E+00 
6.14720E+03 7.40359E-01 
6.14860E+03 8.17180E-01 
6.15000E+03 8.93361E-01 
6.15140E+03 1.00104E+00 
6.15280E+03 1.05649E+00 
6.15420E+03 1.17615E+00 
6.15560E+03 1.02192E+00 
6.15700E+03 1.12965E+00 
6.15840E+03 8.42729E-01 
6.15980E+03 9.40493E-01 
6.16120E+03 8.79226E-01 
6.16260E+03 9.53081E-01 
6.16400E+03 8.42113E-01 
6.16540E+03 6.99837E-01 
6.16680E+03 5.94387E-01 
6.16820E+03 9.63427E-01 
6.16960E+03 1.20965E+00 
6.17100E+03 1.06692E+00 
6.17240E+03 7.17314E-01 
6.17380E+03 1.05322E+00 
6.17520E+03 1.01505E+00 
6.17660E+03 6.25485E-01 
6.17800E+03 6.60092E-01 
6.17940E+03 1.05203E+00 
6.18080E+03 8.72004E-01 
6.18220E+03 6.66115E-01 
6.18360E+03 7.62198E-01 
6.18500E+03 1.11132E+00 
6.18640E+03 7.03239E-01 
6.18780E+03 1.13822E+00 
6.18920E+03 9.40139E-01 
6.19060E+03 7.79751E-01 
6.19200E+03 4.97098E-01 
6.19340E+03 7.08139E-01 
6.19480E+03 6.42431E-01 
6.19620E+03 5.88793E-01 
6.19760E+03 8.60133E-01 
6.19900E+03 1.15010E+00 
6.20040E+03 1.01020E+00 
6.20180E+03 1.10933E+00 
6.20320E+03 1.30161E+00 
6.20460E+03 8.37827E-01 
6.20600E+03 8.45862E-01 
6.20740E+03 9.42286E-01 
6.20880E+03 7.25496E-01 
6.21020E+03 5.57269E-01 
6.21160E+03 7.61512E-01 
6.21300E+03 8.58516E-01 
6.21440E+03 9.19355E-01 
6.21580E+03 8.86794E-01 
6.21720E+03 1.16627E+00 
6.21860E+03 9.39934E-01 
6.22000E+03 1.04898E+00 
6.22140E+03 7.51359E-01 
6.22280E+03 6.72729E-01 
6.22420E+03 4.53463E-01 
6.22560E+03 5.14455E-01 
6.22700E+03 7.21157E-01 
6.22840E+03 5.43618E-01 
6.22980E+03 4.46559E-01 
6.23120E+03 9.15934E-01 
6.23260E+03 9.37712E-01 
6.23400E+03 9.36568E-01 
6.23540E+03 6.15687E-01 
6.23680E+03 8.19506E-01 
6.23820E+03 8.77163E-01 
6.23960E+03 6.30694E-01 
6.24100E+03 7.15192E-01 
6.24240E+03 7.36595E-01 
6.24380E+03 9.81393E-01 
6.24520E+03 9.87136E-01 
6.24660E+03 9.25631E-01 
6.24800E+03 8.00849E-01 
6.24940E+03 1.15873E+00 
6.25080E+03 1.31477E+00 
6.25220E+03 1.10800E+00 
6.25360E+03 8.33838E-01 
6.25500E+03 8.26641E-01 
6.25640E+03 9.63638E-01 
6.25780E+03 9.48305E-01 
6.25920E+03 9.10779E-01 
6.26060E+03 8.13652E-01 
6.26200E+03 9.46918E-01 
6.26340E+03 1.12617E+00 
6.26480E+03 1.10774E+00 
6.26620E+03 7.54021E-01 
6.26760E+03 8.41058E-01 
6.26900E+03 8.49466E-01 
6.27040E+03 8.58431E-01 
6.27180E+03 8.79942E-01 
6.27320E+03 8.66172E-01 
6.27460E+03 7.16980E-01 
6.27600E+03 1.00943E+00 
6.27740E+03 8.90632E-01 
6.27880E+03 7.33685E-01 
6.28020E+03 9.12060E-01 
6.28160E+03 7.15758E-01 
6.28300E+03 7.87644E-01 
6.28440E+03 1.01824E+00 
6.28580E+03 8.08193E-01 
6.28720E+03 1.06324E+00 
6.28860E+03 1.10407E+00 
6.29000E+03 1.01422E+00 
6.29140E+03 5.11555E-01 
6.29280E+03 6.03829E-01 
6.29420E+03 9.80671E-01 
6.29560E+03 9.73715E-01 
6.29700E+03 1.28132E+00 
6.29840E+03 1.41514E+00 
6.29980E+03 1.97188E+00 
6.30120E+03 1.65483E+00 
6.30260E+03 1.99673E+00 
6.30400E+03 1.54966E+00 
6.30540E+03 1.32698E+00 
6.30680E+03 1.08375E+00 
6.30820E+03 1.18307E+00 
6.30960E+03 9.58198E-01 
6.31100E+03 1.05699E+00 
6.31240E+03 1.63461E+00 
6.31380E+03 1.65387E+00 
6.31520E+03 1.41650E+00 
6.31660E+03 1.03073E+00 
6.31800E+03 1.14964E+00 
6.31940E+03 8.87922E-01 
6.32080E+03 9.94618E-01 
6.32220E+03 9.02479E-01 
6.32360E+03 9.33877E-01 
6.32500E+03 1.01874E+00 
6.32640E+03 1.07222E+00 
6.32780E+03 1.13543E+00 
6.32920E+03 9.31673E-01 
6.33060E+03 1.11414E+00 
6.33200E+03 1.23050E+00 
6.33340E+03 1.49364E+00 
6.33480E+03 1.03887E+00 
6.33620E+03 8.61824E-01 
6.33760E+03 1.07785E+00 
6.33900E+03 1.03689E+00 
6.34040E+03 1.11599E+00 
6.34180E+03 1.09259E+00 
6.34320E+03 1.26808E+00 
6.34460E+03 9.94667E-01 
6.34600E+03 8.22118E-01 
6.34740E+03 1.10203E+00 
6.34880E+03 1.44076E+00 
6.35020E+03 1.46973E+00 
6.35160E+03 1.44504E+00 
6.35300E+03 1.21469E+00 
6.35440E+03 8.92224E-01 
6.35580E+03 9.64513E-01 
6.35720E+03 1.10999E+00 
6.35860E+03 1.40997E+00 
6.36000E+03 1.27921E+00 
6.36140E+03 1.54945E+00 
6.36280E+03 2.11237E+00 
6.36420E+03 2.10288E+00 
6.36560E+03 2.15230E+00 
6.36700E+03 1.58638E+00 
6.36840E+03 1.32908E+00 
6.36980E+03 1.29473E+00 
6.37120E+03 9.54845E-01 
6.37260E+03 7.67938E-01 
6.37400E+03 8.64254E-01 
6.37540E+03 1.21142E+00 
6.37680E+03 1.06988E+00 
6.37820E+03 1.03448E+00 
6.37960E+03 9.54797E-01 
6.38100E+03 7.34322E-01 
6.38240E+03 6.83238E-01 
6.38380E+03 9.54383E-01 
6.38520E+03 1.28741E+00 
6.38660E+03 1.19654E+00 
6.38800E+03 9.86342E-01 
6.38940E+03 1.18994E+00 
6.39080E+03 7.92335E-01 
6.39220E+03 7.74890E-01 
6.39360E+03 1.26946E+00 
6.39500E+03 1.55037E+00 
6.39640E+03 1.29350E+00 
6.39780E+03 1.17224E+00 
6.39920E+03 1.30343E+00 
6.40060E+03 1.16200E+00 
6.40200E+03 9.26639E-01 
6.40340E+03 1.37728E+00 
6.40480E+03 1.23923E+00 
6.40620E+03 1.08447E+00 
6.40760E+03 1.06514E+00 
6.40900E+03 1.14021E+00 
6.41040E+03 9.47083E-01 
6.41180E+03 9.64400E-01 
6.41320E+03 1.51050E+00 
6.41460E+03 1.24265E+00 
6.41600E+03 9.40227E-01 
6.41740E+03 9.71891E-01 
6.41880E+03 1.01662E+00 
6.42020E+03 1.06846E+00 
6.42160E+03 1.20769E+00 
6.42300E+03 9.35926E-01 
6.42440E+03 1.04326E+00 
6.42580E+03 1.00838E+00 
6.42720E+03 1.12266E+00 
6.42860E+03 1.32833E+00 
6.43000E+03 1.30666E+00 
6.43140E+03 1.05045E+00 
6.43280E+03 1.24525E+00 
6.43420E+03 1.22439E+00 
6.43560E+03 9.82402E-01 
6.43700E+03 9.94352E-01 
6.43840E+03 1.16835E+00 
6.43980E+03 1.11043E+00 
6.44120E+03 1.16905E+00 
6.44260E+03 1.57125E+00 
6.44400E+03 1.06474E+00 
6.44540E+03 9.60552E-01 
6.44680E+03 1.00375E+00 
6.44820E+03 1.00601E+00 
6.44960E+03 8.97364E-01 
6.45100E+03 1.05881E+00 
6.45240E+03 1.01726E+00 
6.45380E+03 1.09925E+00 
6.45520E+03 4.78427E-01 
6.45660E+03 8.77318E-01 
6.45800E+03 1.34158E+00 
6.45940E+03 1.14716E+00 
6.46080E+03 1.21537E+00 
6.46220E+03 1.36931E+00 
6.46360E+03 1.19753E+00 
6.46500E+03 7.57247E-01 
6.46640E+03 5.11052E-01 
6.46780E+03 2.58391E-01 
6.46920E+03 2.69984E-01 
6.47060E+03 1.14705E+00 
6.47200E+03 1.14927E+00 
6.47340E+03 1.15855E+00 
6.47480E+03 1.09261E+00 
6.47620E+03 1.46557E+00 
6.47760E+03 1.34186E+00 
6.47900E+03 9.90177E-01 
6.48040E+03 1.18450E+00 
6.48180E+03 1.23370E+00 
6.48320E+03 9.46105E-01 
6.48460E+03 1.01393E+00 
6.48600E+03 1.03721E+00 
6.48740E+03 1.16095E+00 
6.48880E+03 1.33208E+00 
6.49020E+03 1.40571E+00 
6.49160E+03 1.22196E+00 
6.49300E+03 1.00506E+00 
6.49440E+03 1.28747E+00 
6.49580E+03 1.29786E+00 
6.49720E+03 9.31380E-01 
6.49860E+03 1.17595E+00 
6.50000E+03 1.26976E+00 
6.50140E+03 1.02925E+00 
6.50280E+03 1.18212E+00 
6.50420E+03 1.17916E+00 
6.50560E+03 1.27096E+00 
6.50700E+03 1.34051E+00 
6.50840E+03 1.25135E+00 
6.50980E+03 1.31764E+00 
6.51120E+03 9.89084E-01 
6.51260E+03 1.22621E+00 
6.51400E+03 1.23881E+00 
6.51540E+03 1.24621E+00 
6.51680E+03 1.04896E+00 
6.51820E+03 1.11405E+00 
6.51960E+03 1.17771E+00 
6.52100E+03 9.96098E-01 
6.52240E+03 3.99110E-01 
6.52380E+03 1.08245E+00 
6.52520E+03 1.25712E+00 
6.52660E+03 1.23216E+00 
6.52800E+03 1.36010E+00 
6.52940E+03 1.38506E+00 
6.53080E+03 1.29862E+00 
6.53220E+03 1.21692E+00 
6.53360E+03 1.62743E+00 
6.53500E+03 1.53696E+00 
6.53640E+03 1.03499E+00 
6.53780E+03 1.18171E+00 
6.53920E+03 1.50011E+00 
6.54060E+03 1.52293E+00 
6.54200E+03 1.45146E+00 
6.54340E+03 2.48638E+00 
6.54480E+03 3.35167E+00 
6.54620E+03 3.78002E+00 
6.54760E+03 6.09169E+00 
6.54900E+03 1.32465E+01 
6.55040E+03 1.56799E+01 
6.55180E+03 8.47438E+00 
6.55320E+03 2.90578E+00 
6.55460E+03 1.65233E+00 
6.55600E+03 1.46397E+00 
6.55740E+03 1.62169E+00 
6.55880E+03 1.68774E+00 
6.56020E+03 2.47076E+00 
6.56160E+03 6.75468E+00 
6.56300E+03 2.11857E+01 
6.56440E+03 4.01986E+01 
6.56580E+03 3.25484E+01 
6.56720E+03 1.18305E+01 
6.56860E+03 3.14639E+00 
6.57000E+03 1.88360E+00 
6.57140E+03 1.47737E+00 
6.57280E+03 1.57021E+00 
6.57420E+03 1.41004E+00 
6.57560E+03 1.61629E+00 
6.57700E+03 1.60734E+00 
6.57840E+03 1.69609E+00 
6.57980E+03 1.63847E+00 
6.58120E+03 3.78955E+00 
6.58260E+03 1.06112E+01 
6.58400E+03 3.06349E+01 
6.58540E+03 4.47253E+01 
6.58680E+03 3.01621E+01 
6.58820E+03 8.65646E+00 
6.58960E+03 2.38848E+00 
6.59100E+03 1.73875E+00 
6.59240E+03 1.69845E+00 
6.59380E+03 1.40113E+00 
6.59520E+03 1.37422E+00 
6.59660E+03 1.56854E+00 
6.59800E+03 1.13912E+00 
6.59940E+03 1.03611E+00 
6.60080E+03 1.18691E+00 
6.60220E+03 1.28667E+00 
6.60360E+03 1.17540E+00 
6.60500E+03 1.29185E+00 
6.60640E+03 1.09637E+00 
6.60780E+03 1.18945E+00 
6.60920E+03 7.97901E-01 
6.61060E+03 9.63047E-01 
6.61200E+03 8.74105E-01 
6.61340E+03 9.52299E-01 
6.61480E+03 1.24046E+00 
6.61620E+03 1.34627E+00 
6.61760E+03 1.03163E+00 
6.61900E+03 9.99747E-01 
6.62040E+03 1.21454E+00 
6.62180E+03 1.39234E+00 
6.62320E+03 1.19765E+00 
6.62460E+03 1.02860E+00 
6.62600E+03 1.21258E+00 
6.62740E+03 1.01213E+00 
6.62880E+03 1.20040E+00 
6.63020E+03 1.04060E+00 
6.63160E+03 1.26280E+00 
6.63300E+03 1.22399E+00 
6.63440E+03 1.42767E+00 
6.63580E+03 1.45405E+00 
6.63720E+03 1.24441E+00 
6.63860E+03 1.24104E+00 
6.64000E+03 1.66568E+00 
6.64140E+03 1.26086E+00 
6.64280E+03 9.34528E-01 
6.64420E+03 9.46872E-01 
6.64560E+03 1.09765E+00 
6.64700E+03 9.57616E-01 
6.64840E+03 9.94667E-01 
6.64980E+03 1.04401E+00 
6.65120E+03 9.46617E-01 
6.65260E+03 9.39395E-01 
6.65400E+03 1.25594E+00 
6.65540E+03 1.33710E+00 
6.65680E+03 1.10432E+00 
6.65820E+03 1.17431E+00 
6.65960E+03 1.32188E+00 
6.66100E+03 9.56135E-01 
6.66240E+03 7.92855E-01 
6.66380E+03 9.62068E-01 
6.66520E+03 1.42599E+00 
6.66660E+03 1.19098E+00 
6.66800E+03 1.22532E+00 
6.66940E+03 1.38809E+00 
6.67080E+03 1.22951E+00 
6.67220E+03 1.23756E+00 
6.67360E+03 1.28825E+00 
6.67500E+03 1.27389E+00 
6.67640E+03 1.07340E+00 
6.67780E+03 1.25019E+00 
6.67920E+03 1.89557E+00 
6.68060E+03 1.63980E+00 
6.68200E+03 1.25856E+00 
6.68340E+03 1.62644E+00 
6.68480E+03 1.42186E+00 
6.68620E+03 1.31512E+00 
6.68760E+03 1.29157E+00 
6.68900E+03 1.24365E+00 
6.69040E+03 1.04940E+00 
6.69180E+03 9.32914E-01 
6.69320E+03 8.23200E-01 
6.69460E+03 8.33842E-01 
6.69600E+03 9.58801E-01 
6.69740E+03 9.92963E-01 
6.69880E+03 7.49376E-01 
6.70020E+03 7.86115E-01 
6.70160E+03 1.25533E+00 
6.70300E+03 1.10562E+00 
6.70440E+03 1.07629E+00 
6.70580E+03 1.17605E+00 
6.70720E+03 1.14559E+00 
6.70860E+03 8.91591E-01 
6.71000E+03 6.47862E-01 
6.71140E+03 9.27701E-01 
6.71280E+03 1.08621E+00 
6.71420E+03 1.17271E+00 
6.71560E+03 2.47677E+00 
6.71700E+03 5.88231E+00 
6.71840E+03 8.41333E+00 
6.71980E+03 6.26757E+00 
6.72120E+03 2.64036E+00 
6.72260E+03 1.42250E+00 
6.72400E+03 1.05577E+00 
6.72540E+03 9.15114E-01 
6.72680E+03 1.02442E+00 
6.72820E+03 1.14258E+00 
6.72960E+03 1.53397E+00 
6.73100E+03 3.76977E+00 
6.73240E+03 6.55453E+00 
6.73380E+03 5.55012E+00 
6.73520E+03 2.59778E+00 
6.73660E+03 1.47559E+00 
6.73800E+03 1.09759E+00 
6.73940E+03 1.21988E+00 
6.74080E+03 1.40127E+00 
6.74220E+03 1.11618E+00 
6.74360E+03 7.21736E-01 
6.74500E+03 8.39434E-01 
6.74640E+03 1.28828E+00 
6.74780E+03 1.11812E+00 
6.74920E+03 9.88963E-01 
6.75060E+03 1.13891E+00 
6.75200E+03 9.49323E-01 
6.75340E+03 1.10824E+00 
6.75480E+03 1.22891E+00 
6.75620E+03 1.24486E+00 
6.75760E+03 1.04735E+00 
6.75900E+03 1.07444E+00 
6.76040E+03 1.01981E+00 
6.76180E+03 9.04128E-01 
6.76320E+03 7.53711E-01 
6.76460E+03 1.03664E+00 
6.76600E+03 1.16027E+00 
6.76740E+03 1.01360E+00 
6.76880E+03 1.05173E+00 
6.77020E+03 1.26836E+00 
6.77160E+03 1.20151E+00 
6.77300E+03 1.13901E+00 
6.77440E+03 1.15870E+00 
6.77580E+03 9.88814E-01 
6.77720E+03 8.16358E-01 
6.77860E+03 1.12647E+00 
6.78000E+03 1.09814E+00 
6.78140E+03 1.26170E+00 
6.78280E+03 1.03666E+00 
6.78420E+03 1.06160E+00 
6.78560E+03 1.08671E+00 
6.78700E+03 8.53916E-01 
6.78840E+03 9.98846E-01 
6.78980E+03 1.23263E+00 
6.79120E+03 9.86032E-01 
6.79260E+03 7.08167E-01 
6.79400E+03 1.00506E+00 
6.79540E+03 1.01765E+00 
6.79680E+03 9.66802E-01 
6.79820E+03 1.17085E+00 
6.79960E+03 1.12745E+00 
6.80100E+03 1.09885E+00 
6.80240E+03 9.87947E-01 
6.80380E+03 1.36803E+00 
6.80520E+03 1.54441E+00 
6.80660E+03 2.24611E+00 
6.80800E+03 4.87061E+00 
6.80940E+03 4.85336E+00 
6.81080E+03 1.69218E+00 
6.81220E+03 1.15261E+00 
6.81360E+03 1.28947E+00 
6.81500E+03 9.94517E-01 
6.81640E+03 7.74919E-01 
6.81780E+03 1.06723E+00 
6.81920E+03 9.81134E-01 
6.82060E+03 8.81917E-01 
6.82200E+03 1.04546E+00 
6.82340E+03 1.12598E+00 
6.82480E+03 9.72167E-01 
6.82620E+03 8.55241E-01 
6.82760E+03 1.07751E+00 
6.82900E+03 1.31228E+00 
6.83040E+03 1.30197E+00 
6.83180E+03 1.03537E+00 
6.83320E+03 6.95384E-01 
6.83460E+03 2.85023E-01 
6.83600E+03 -2.14802E-01 
6.83740E+03 5.17340E-01 
6.83880E+03 5.11445E-01 
6.84020E+03 9.26102E-01 
6.84160E+03 1.08342E+00 
6.84300E+03 1.23977E+00 
6.84440E+03 6.84968E-01 
6.84580E+03 6.13783E-01 
6.84720E+03 1.17087E+00 
6.84860E+03 9.74990E-01 
6.85000E+03 8.20245E-01 
6.85140E+03 9.11457E-01 
6.85280E+03 1.13332E+00 
6.85420E+03 9.77071E-01 
6.85560E+03 1.08351E+00 
6.85700E+03 9.60168E-01 
6.85840E+03 1.23958E+00 
6.85980E+03 1.15725E+00 
6.86120E+03 1.10004E+00 
6.86260E+03 1.18909E+00 
6.86400E+03 1.08613E+00 
6.86540E+03 1.51474E+00 
6.86680E+03 9.62267E-01 
6.86820E+03 6.89964E-01 
6.86960E+03 5.77745E-01 
6.87100E+03 6.52989E-01 
6.87240E+03 6.16262E-01 
6.87380E+03 4.96272E-01 
6.87520E+03 4.51951E-01 
6.87660E+03 9.24691E-01 
6.87800E+03 1.11792E+00 
6.87940E+03 1.18490E+00 
6.88080E+03 1.04554E+00 
6.88220E+03 1.00241E+00 
6.88360E+03 1.08817E+00 
6.88500E+03 1.05149E+00 
6.88640E+03 1.03002E+00 
6.88780E+03 5.30640E-01 
6.88920E+03 9.51332E-01 
6.89060E+03 1.17395E+00 
6.89200E+03 8.91138E-01 
6.89340E+03 9.83134E-01 
6.89480E+03 9.82589E-01 
6.89620E+03 9.65783E-01 
6.89760E+03 7.98462E-01 
6.89900E+03 1.05047E+00 
6.90040E+03 1.26179E+00 
6.90180E+03 1.02526E+00 
6.90320E+03 9.96023E-01 
6.90460E+03 1.04883E+00 
6.90600E+03 9.37485E-01 
6.90740E+03 7.29759E-01 
6.90880E+03 9.49939E-01 
6.91020E+03 8.32312E-01 
6.91160E+03 1.11628E+00 
6.91300E+03 9.55237E-01 
6.91440E+03 1.23549E+00 
6.91580E+03 1.25314E+00 
6.91720E+03 9.55512E-01 
6.91860E+03 9.10778E-01 
6.92000E+03 1.04145E+00 
6.92140E+03 1.18921E+00 
6.92280E+03 1.08547E+00 
6.92420E+03 1.20537E+00 
6.92560E+03 8.87363E-01 
6.92700E+03 1.05086E+00 
6.92840E+03 1.35512E+00 
6.92980E+03 1.40388E+00 
6.93120E+03 1.33700E+00 
6.93260E+03 1.15080E+00 
6.93400E+03 1.20915E+00 
6.93540E+03 1.15860E+00 
6.93680E+03 1.03944E+00 
6.93820E+03 1.35863E+00 
6.93960E+03 8.24641E-01 
6.94100E+03 1.18901E+00 
6.94240E+03 1.10159E+00 
6.94380E+03 1.15772E+00 
6.94520E+03 1.24433E+00 
6.94660E+03 1.22548E+00 
6.94800E+03 1.44176E+00 
6.94940E+03 1.25155E+00 
6.95080E+03 1.06401E+00 
6.95220E+03 1.28402E+00 
6.95360E+03 1.56029E+00 
6.95500E+03 1.50226E+00 
6.95640E+03 1.36800E+00 
6.95780E+03 1.50131E+00 
6.95920E+03 1.42518E+00 
6.96060E+03 1.24923E+00 
6.96200E+03 1.50975E+00 
6.96340E+03 1.48896E+00 
6.96480E+03 1.50881E+00 
6.96620E+03 1.53845E+00 
6.96760E+03 1.46107E+00 
6.96900E+03 1.53718E+00 
6.97040E+03 1.19328E+00 
6.97180E+03 1.04421E+00 
6.97320E+03 9.10625E-01 
6.97460E+03 8.42748E-01 
6.97600E+03 1.00566E+00 
6.97740E+03 1.26877E+00 
6.97880E+03 1.35305E+00 
6.98020E+03 1.55131E+00 
6.98160E+03 1.47061E+00 
6.98300E+03 1.58319E+00 
6.98440E+03 1.35161E+00 
6.98580E+03 1.21808E+00 
6.98720E+03 1.36833E+00 
6.98860E+03 1.09960E+00 
6.99000E+03 1.03176E+00 
6.99140E+03 1.48235E+00 
6.99280E+03 1.33569E+00 
6.99420E+03 1.08984E+00 
6.99560E+03 1.42102E+00 
6.99700E+03 1.60874E+00 
6.99840E+03 1.40775E+00 
6.99980E+03 1.28019E+00 
7.00120E+03 1.29358E+00 
7.00260E+03 1.13082E+00 
7.00400E+03 1.28879E+00 
7.00540E+03 1.13640E+00 
7.00680E+03 1.32645E+00 
7.00820E+03 1.06209E+00 
7.00960E+03 1.49294E+00 
7.01100E+03 1.80169E+00 
7.01240E+03 1.58631E+00 
7.01380E+03 1.21807E+00 
7.01520E+03 1.62298E+00 
7.01660E+03 1.48905E+00 
7.01800E+03 1.15419E+00 
7.01940E+03 9.58081E-01 
7.02080E+03 1.07302E+00 
7.02220E+03 1.05884E+00 
7.02360E+03 1.26573E+00 
7.02500E+03 1.56262E+00 
7.02640E+03 1.48633E+00 
7.02780E+03 1.41697E+00 
7.02920E+03 1.89491E+00 
7.03060E+03 1.95696E+00 
7.03200E+03 1.41661E+00 
7.03340E+03 1.18168E+00 
7.03480E+03 1.45224E+00 
7.03620E+03 1.34477E+00 
7.03760E+03 1.20697E+00 
7.03900E+03 1.48679E+00 
7.04040E+03 1.87644E+00 
7.04180E+03 1.76607E+00 
7.04320E+03 1.76145E+00 
7.04460E+03 1.63011E+00 
7.04600E+03 1.62066E+00 
7.04740E+03 1.47696E+00 
7.04880E+03 1.67155E+00 
7.05020E+03 1.65312E+00 
7.05160E+03 1.12323E+00 
7.05300E+03 1.04711E+00 
7.05440E+03 1.40903E+00 
7.05580E+03 1.47542E+00 
7.05720E+03 1.28246E+00 
7.05860E+03 1.49594E+00 
7.06000E+03 1.44748E+00 
7.06140E+03 1.07327E+00 
7.06280E+03 1.15349E+00 
7.06420E+03 1.35383E+00 
7.06560E+03 1.55907E+00 
7.06700E+03 1.80082E+00 
7.06840E+03 1.80301E+00 
7.06980E+03 1.44623E+00 
7.07120E+03 9.53308E-01 
7.07260E+03 1.06493E+00 
7.07400E+03 1.30783E+00 
7.07540E+03 1.30680E+00 
7.07680E+03 1.42244E+00 
7.07820E+03 1.47242E+00 
7.07960E+03 1.38996E+00 
7.08100E+03 1.51537E+00 
7.08240E+03 1.40540E+00 
7.08380E+03 1.30298E+00 
7.08520E+03 1.35905E+00 
7.08660E+03 1.18916E+00 
7.08800E+03 1.27503E+00 
7.08940E+03 1.16528E+00 
7.09080E+03 8.22303E-01 
7.09220E+03 1.08183E+00 
7.09360E+03 1.26919E+00 
7.09500E+03 1.22902E+00 
7.09640E+03 1.12469E+00 
7.09780E+03 1.34780E+00 
7.09920E+03 1.32928E+00 
7.10060E+03 1.14034E+00 
7.10200E+03 1.09388E+00 
7.10340E+03 1.32904E+00 
7.10480E+03 1.55840E+00 
7.10620E+03 1.44416E+00 
7.10760E+03 1.74751E+00 
7.10900E+03 1.26722E+00 
7.11040E+03 1.13207E+00 
7.11180E+03 1.30805E+00 
7.11320E+03 1.28760E+00 
7.11460E+03 6.74374E-01 
7.11600E+03 -4.15170E-01 
7.11740E+03 1.16562E-01 
7.11880E+03 1.00569E+00 
7.12020E+03 1.24984E+00 
7.12160E+03 1.58075E+00 
7.12300E+03 1.62223E+00 
7.12440E+03 1.25840E+00 
7.12580E+03 1.25063E+00 
7.12720E+03 1.12423E+00 
7.12860E+03 1.13366E+00 
7.13000E+03 1.27671E+00 
7.13140E+03 1.49278E+00 
7.13280E+03 1.00583E+00 
7.13420E+03 9.90680E-01 
7.13560E+03 1.95126E+00 
7.13700E+03 2.98855E+00 
7.13840E+03 3.02913E+00 
7.13980E+03 2.19732E+00 
7.14120E+03 1.62496E+00 
7.14260E+03 1.31593E+00 
7.14400E+03 1.27786E+00 
7.14540E+03 1.10832E+00 
7.14680E+03 1.27919E+00 
7.14820E+03 1.06744E+00 
7.14960E+03 1.05789E+00 
7.15100E+03 9.98509E-01 
7.15240E+03 1.28991E+00 
7.15380E+03 9.05856E-01 
7.15520E+03 1.36409E+00 
7.15660E+03 1.56532E+00 
7.15800E+03 1.23686E+00 
7.15940E+03 1.09037E+00 
7.16080E+03 1.17543E+00 
7.16220E+03 1.28044E+00 
7.16360E+03 1.14078E+00 
7.16500E+03 9.81952E-01 
7.16640E+03 1.22331E+00 
7.16780E+03 1.13525E+00 
7.16920E+03 1.11203E+00 
7.17060E+03 1.43060E+00 
7.17200E+03 1.24382E+00 
7.17340E+03 1.26389E+00 
7.17480E+03 1.54787E+00 
7.17620E+03 1.48404E+00 
7.17760E+03 1.28288E+00 
7.17900E+03 1.22136E+00 
7.18040E+03 1.39132E+00 
7.18180E+03 1.15437E+00 
7.18320E+03 1.10630E+00 
7.18460E+03 1.16009E+00 
7.18600E+03 1.07102E+00 
7.18740E+03 1.20779E+00 
7.18880E+03 1.42040E+00 
7.19020E+03 1.44327E+00 
7.19160E+03 1.22756E+00 
7.19300E+03 1.43663E+00 
7.19440E+03 1.82377E+00 
7.19580E+03 1.35289E+00 
7.19720E+03 1.05959E+00 
7.19860E+03 1.25032E+00 
7.20000E+03 1.24209E+00 
7.20140E+03 9.26965E-01 
7.20280E+03 9.80413E-01 
7.20420E+03 1.15604E+00 
7.20560E+03 1.21834E+00 
7.20700E+03 1.06354E+00 
7.20840E+03 1.31447E+00 
7.20980E+03 1.16033E+00 
7.21120E+03 1.22191E+00 
7.21260E+03 1.37490E+00 
7.21400E+03 1.18788E+00 
7.21540E+03 1.16177E+00 
7.21680E+03 8.99998E-01 
7.21820E+03 1.44685E+00 
7.21960E+03 1.22686E+00 
7.22100E+03 1.08991E+00 
7.22240E+03 1.16701E+00 
7.22380E+03 1.39837E+00 
7.22520E+03 1.38897E+00 
7.22660E+03 1.34080E+00 
7.22800E+03 1.31412E+00 
7.22940E+03 1.21958E+00 
7.23080E+03 1.42580E+00 
7.23220E+03 1.59850E+00 
7.23360E+03 1.46735E+00 
7.23500E+03 1.45211E+00 
7.23640E+03 1.46371E+00 
7.23780E+03 2.04743E+00 
7.23920E+03 1.35404E+00 
7.24060E+03 1.81398E+00 
7.24200E+03 1.64953E+00 
7.24340E+03 1.47102E+00 
7.24480E+03 1.71300E+00 
7.24620E+03 1.19838E+00 
7.24760E+03 1.52457E+00 
7.24900E+03 1.27063E+00 
7.25040E+03 1.06760E+00 
7.25180E+03 1.59808E+00 
7.25320E+03 1.73725E+00 
7.25460E+03 1.32975E+00 
7.25600E+03 1.59687E+00 
7.25740E+03 1.76784E+00 
7.25880E+03 1.43308E+00 
7.26020E+03 1.20932E+00 
7.26160E+03 1.33574E+00 
7.26300E+03 1.36814E+00 
7.26440E+03 1.13875E+00 
7.26580E+03 1.38550E+00 
7.26720E+03 1.48399E+00 
7.26860E+03 1.60766E+00 
7.27000E+03 1.73063E+00 
7.27140E+03 1.57726E+00 
7.27280E+03 1.62851E+00 
7.27420E+03 9.53903E-01 
7.27560E+03 2.16960E+00 
7.27700E+03 8.32495E-01 
7.27840E+03 1.48102E+00 
7.27980E+03 9.93228E-01 
7.28120E+03 1.56732E+00 
7.28260E+03 1.85802E+00 
7.28400E+03 2.09009E+00 
7.28540E+03 1.64537E+00 
7.28680E+03 1.77620E+00 
7.28820E+03 1.29400E+00 
7.28960E+03 1.33886E+00 
7.29100E+03 1.54812E+00 
7.29240E+03 1.50148E+00 
7.29380E+03 1.37384E+00 
7.29520E+03 1.63403E+00 
7.29660E+03 1.76718E+00 
7.29800E+03 1.38667E+00 
7.29940E+03 1.43133E+00 
7.30080E+03 1.76204E+00 
7.30220E+03 1.85004E+00 
7.30360E+03 1.34759E+00 
7.30500E+03 1.63971E+00 
7.30640E+03 1.51894E+00 
7.30780E+03 1.74542E+00 
7.30920E+03 1.82088E+00 
7.31060E+03 1.81300E+00 
7.31200E+03 1.49422E+00 
7.31340E+03 1.38857E+00 
7.31480E+03 1.69205E+00 
7.31620E+03 1.86342E+00 
7.31760E+03 2.06813E+00 
7.31900E+03 2.27708E+00 
7.32040E+03 2.10895E+00 
7.32180E+03 2.24018E+00 
7.32320E+03 2.26097E+00 
7.32460E+03 2.35221E+00 
7.32600E+03 1.83022E+00 
7.32740E+03 1.48448E+00 
7.32880E+03 2.25071E+00 
7.33020E+03 2.30818E+00 
7.33160E+03 2.26187E+00 
7.33300E+03 2.04901E+00 
7.33440E+03 1.95482E+00 
7.33580E+03 1.72741E+00 
7.33720E+03 1.52252E+00 
7.33860E+03 2.22269E+00 
7.34000E+03 1.76087E+00 
7.34140E+03 2.61823E+00 
7.34280E+03 1.42488E+00 
7.34420E+03 2.15704E+00 
7.34560E+03 2.25965E+00 
7.34700E+03 1.95396E+00 
7.34840E+03 2.21798E+00 
7.34980E+03 2.10970E+00 
7.35120E+03 1.70886E+00 
7.35260E+03 1.76304E+00 
7.35400E+03 1.60488E+00 
7.35540E+03 1.42604E+00 
7.35680E+03 1.33864E+00 
7.35820E+03 1.80947E+00 
7.35960E+03 1.53474E+00 
7.36100E+03 1.49109E+00 
7.36240E+03 1.57025E+00 
7.36380E+03 1.76326E+00 
7.36520E+03 1.72998E+00 
7.36660E+03 1.23920E+00 
7.36800E+03 2.32084E+00 
7.36940E+03 1.43439E+00 
7.37080E+03 2.25804E+00 
7.37220E+03 1.35065E+00 
7.37360E+03 2.10722E+00 
7.37500E+03 1.65435E+00 
7.37640E+03 1.45040E+00 
7.37780E+03 1.64812E+00 
7.37920E+03 1.97298E+00 
7.38060E+03 1.61450E+00 
7.38200E+03 1.76338E+00 
7.38340E+03 1.99747E+00 
7.38480E+03 1.49215E+00 
7.38620E+03 1.63893E+00 
7.38760E+03 1.81548E+00 
7.38900E+03 2.01395E+00 
7.39040E+03 1.78164E+00 
7.39180E+03 1.46395E+00 
7.39320E+03 1.96762E+00 
7.39460E+03 1.67218E+00 
7.39600E+03 1.59339E+00 
7.39740E+03 1.89870E+00 
7.39880E+03 1.86538E+00 
7.40020E+03 1.72166E+00 
7.40160E+03 2.07386E+00 
7.40300E+03 2.24623E+00 
7.40440E+03 1.74830E+00 
7.40580E+03 1.83229E+00 
7.40720E+03 1.62959E+00 
7.40860E+03 1.39285E+00 
7.41000E+03 1.40436E+00 
7.41140E+03 1.28491E+00 
7.41280E+03 1.50043E+00 
7.41420E+03 1.62961E+00 
7.41560E+03 1.90554E+00 
7.41700E+03 1.71482E+00 
7.41840E+03 1.55016E+00 
7.41980E+03 1.53415E+00 
7.42120E+03 1.68268E+00 
7.42260E+03 1.83471E+00 
7.42400E+03 1.43154E+00 
7.42540E+03 1.73652E+00 
7.42680E+03 1.35318E+00 
7.42820E+03 1.47665E+00 
7.42960E+03 1.62438E+00 
7.43100E+03 1.45422E+00 
7.43240E+03 1.64437E+00 
7.43380E+03 1.86925E+00 
7.43520E+03 2.20349E+00 
7.43660E+03 1.98730E+00 
7.43800E+03 2.40104E+00 
7.43940E+03 1.65778E+00 
7.44080E+03 2.03467E+00 
7.44220E+03 1.62302E+00 
7.44360E+03 1.70423E+00 
7.44500E+03 1.82493E+00 
7.44640E+03 2.04501E+00 
7.44780E+03 1.86587E+00 
7.44920E+03 2.01091E+00 
7.45060E+03 2.14403E+00 
7.45200E+03 1.96951E+00 
7.45340E+03 1.80788E+00 
7.45480E+03 1.74005E+00 
7.45620E+03 1.81806E+00 
7.45760E+03 1.46689E+00 
7.45900E+03 1.73178E+00 
7.46040E+03 2.03898E+00 
7.46180E+03 1.64064E+00 
7.46320E+03 1.47173E+00 
7.46460E+03 1.95769E+00 
7.46600E+03 1.53772E+00 
7.46740E+03 1.51953E+00 
7.46880E+03 1.46089E+00 
7.47020E+03 2.22573E+00 
7.47160E+03 1.87786E+00 
7.47300E+03 1.84741E+00 
7.47440E+03 1.83895E+00 
7.47580E+03 1.69999E+00 
7.47720E+03 1.57568E+00 
7.47860E+03 2.01047E+00 
7.48000E+03 2.12214E+00 
7.48140E+03 1.53447E+00 
7.48280E+03 1.60510E+00 
7.48420E+03 -7.35670E-01 
7.48560E+03 -5.42440E+00 
7.48700E+03 -9.34246E+00 
7.48840E+03 1.40099E+00 
7.48980E+03 1.59645E+00 
7.49120E+03 1.71989E+00 
7.49260E+03 1.61991E+00 
7.49400E+03 1.79813E+00 
7.49540E+03 1.99302E+00 
7.49680E+03 1.78451E+00 
7.49820E+03 1.85248E+00 
7.49960E+03 1.99762E+00 
7.50100E+03 2.02362E+00 
7.50240E+03 1.81859E+00 
7.50380E+03 1.80061E+00 
7.50520E+03 1.69361E+00 
7.50660E+03 1.55347E+00 
7.50800E+03 1.92079E+00 
7.50940E+03 2.04963E+00 
7.51080E+03 1.93312E+00 
7.51220E+03 1.76569E+00 
7.51360E+03 1.89832E+00 
7.51500E+03 1.95869E+00 
7.51640E+03 1.88354E+00 
7.51780E+03 2.09014E+00 
7.51920E+03 1.91699E+00 
7.52060E+03 1.60032E+00 
7.52200E+03 2.45943E+00 
7.52340E+03 1.89059E+00 
7.52480E+03 2.47459E+00 
7.52620E+03 1.43792E+00 
7.52760E+03 1.76838E+00 
7.52900E+03 1.71482E+00 
7.53040E+03 2.15725E+00 
7.53180E+03 1.73116E+00 
7.53320E+03 1.95999E+00 
7.53460E+03 1.96152E+00 
7.53600E+03 1.99812E+00 
7.53740E+03 1.90837E+00 
7.53880E+03 1.95762E+00 
7.54020E+03 1.85866E+00 
7.54160E+03 1.92728E+00 
7.54300E+03 1.74820E+00 
7.54440E+03 1.64797E+00 
7.54580E+03 1.61731E+00 
7.54720E+03 1.88552E+00 
7.54860E+03 1.79305E+00 
7.55000E+03 1.99373E+00 
7.55140E+03 2.10704E+00 
7.55280E+03 2.09071E+00 
7.55420E+03 1.73522E+00 
7.55560E+03 1.77823E+00 
7.55700E+03 2.13265E+00 
7.55840E+03 1.88381E+00 
7.55980E+03 1.67468E+00 
7.56120E+03 1.97030E+00 
7.56260E+03 1.86035E+00 
7.56400E+03 1.57867E+00 
7.56540E+03 1.82700E+00 
7.56680E+03 2.21663E+00 
7.56820E+03 2.04786E+00 
7.56960E+03 2.11933E+00 
7.57100E+03 2.60940E+00 
7.57240E+03 2.62781E+00 
7.57380E+03 1.82702E+00 
7.57520E+03 1.89120E+00 
7.57660E+03 1.95210E+00 
7.57800E+03 1.87505E+00 
7.57940E+03 1.97904E+00 
7.58080E+03 2.01066E+00 
7.58220E+03 1.99637E+00 
7.58360E+03 1.87753E+00 
7.58500E+03 2.00116E+00 
7.58640E+03 2.39426E+00 
7.58780E+03 1.79877E+00 
7.58920E+03 1.69308E+00 
7.59060E+03 1.79525E+00 
7.59200E+03 1.78811E+00 
7.59340E+03 1.33228E+00 
7.59480E+03 1.01233E+00 
7.59620E+03 9.76189E-01 
7.59760E+03 8.20385E-01 
7.59900E+03 8.80277E-01 
7.60040E+03 6.15161E-01 
7.60180E+03 4.09890E-01 
7.60320E+03 3.82641E-02 
7.60460E+03 3.70149E-01 
7.60600E+03 5.59020E-01 
7.60740E+03 4.42185E-01 
7.60880E+03 5.56937E-01 
7.61020E+03 7.19618E-01 
7.61160E+03 8.23587E-01 
7.61300E+03 8.74156E-01 
7.61440E+03 1.20063E+00 
7.61580E+03 1.24372E+00 
7.61720E+03 1.39395E+00 
7.61860E+03 1.75169E+00 
7.62000E+03 1.34064E+00 
7.62140E+03 1.12503E+00 
7.62280E+03 9.17079E-01 
7.62420E+03 8.24142E-01 
7.62560E+03 1.13874E+00 
7.62700E+03 1.25492E+00 
7.62840E+03 1.12090E+00 
7.62980E+03 1.24604E+00 
7.63120E+03 9.41478E-01 
7.63260E+03 1.05334E+00 
7.63400E+03 1.13323E+00 
7.63540E+03 9.24804E-01 
7.63680E+03 7.28782E-01 
7.63820E+03 8.61288E-01 
7.63960E+03 5.78947E-01 
7.64100E+03 9.49660E-01 
7.64240E+03 1.39274E+00 
7.64380E+03 1.17019E+00 
7.64520E+03 1.62939E+00 
7.64660E+03 1.43607E+00 
7.64800E+03 1.31556E+00 
7.64940E+03 1.30994E+00 
7.65080E+03 1.42876E+00 
7.65220E+03 1.52960E+00 
7.65360E+03 1.27009E+00 
7.65500E+03 7.89293E-01 
7.65640E+03 1.17067E+00 
7.65780E+03 1.27696E+00 
7.65920E+03 1.45510E+00 
7.66060E+03 1.27436E+00 
7.66200E+03 1.70812E+00 
7.66340E+03 1.53121E+00 
7.66480E+03 1.08928E+00 
7.66620E+03 9.97308E-01 
7.66760E+03 1.75579E+00 
7.66900E+03 1.67243E+00 
7.67040E+03 1.15310E+00 
7.67180E+03 1.16987E+00 
7.67320E+03 1.38138E+00 
7.67460E+03 1.42108E+00 
7.67600E+03 1.31363E+00 
7.67740E+03 1.56568E+00 
7.67880E+03 1.51177E+00 
7.68020E+03 1.40386E+00 
7.68160E+03 1.60694E+00 
7.68300E+03 1.37680E+00 
7.68440E+03 1.38176E+00 
7.68580E+03 1.67053E+00 
7.68720E+03 1.71266E+00 
7.68860E+03 1.59223E+00 
7.69000E+03 1.46793E+00 
7.69140E+03 1.69329E+00 
7.69280E+03 1.69790E+00 
7.69420E+03 1.61164E+00 
7.69560E+03 1.46890E+00 
7.69700E+03 1.82813E+00 
7.69840E+03 1.24231E+00 
7.69980E+03 1.39038E+00 
7.70120E+03 1.74023E+00 
7.70260E+03 1.97073E+00 
7.70400E+03 1.55026E+00 
7.70540E+03 1.46217E+00 
7.70680E+03 1.67668E+00 
7.70820E+03 1.76816E+00 
7.70960E+03 1.47826E+00 
7.71100E+03 2.41118E+00 
7.71240E+03 2.01647E+00 
7.71380E+03 1.46646E+00 
7.71520E+03 2.52712E+00 
7.71660E+03 2.44360E+00 
7.71800E+03 2.37090E+00 
7.71940E+03 1.31280E+00 
7.72080E+03 1.54206E+00 
7.72220E+03 1.74612E+00 
7.72360E+03 1.77377E+00 
7.72500E+03 1.66970E+00 
7.72640E+03 1.98682E+00 
7.72780E+03 1.37342E+00 
7.72920E+03 1.56312E+00 
7.73060E+03 1.68003E+00 
7.73200E+03 1.55484E+00 
7.73340E+03 1.49471E+00 
7.73480E+03 1.50103E+00 
7.73620E+03 1.63938E+00 
7.73760E+03 1.71207E+00 
7.73900E+03 1.54773E+00 
7.74040E+03 1.75657E+00 
7.74180E+03 1.81064E+00 
7.74320E+03 1.60095E+00 
7.74460E+03 1.58908E+00 
7.74600E+03 1.63921E+00 
7.74740E+03 1.71502E+00 
7.74880E+03 1.63836E+00 
7.75020E+03 1.98693E+00 
7.75160E+03 2.98010E+00 
7.75300E+03 1.99411E+00 
7.75440E+03 2.06901E+00 
7.75580E+03 1.85390E+00 
7.75720E+03 1.56724E+00 
7.75860E+03 2.36831E+00 
7.76000E+03 1.68312E+00 
7.76140E+03 2.06793E+00 
7.76280E+03 1.45464E+00 
7.76420E+03 1.42965E+00 
7.76560E+03 1.50761E+00 
7.76700E+03 1.31543E+00 
7.76840E+03 1.69653E+00 
7.76980E+03 2.00737E+00 
7.77120E+03 1.76167E+00 
7.77260E+03 1.70952E+00 
7.77400E+03 1.59995E+00 
7.77540E+03 1.12446E+00 
7.77680E+03 1.80209E+00 
7.77820E+03 1.83821E+00 
7.77960E+03 1.95524E+00 
7.78100E+03 1.88594E+00 
7.78240E+03 1.77282E+00 
7.78380E+03 1.55125E+00 
7.78520E+03 1.16427E+00 
7.78660E+03 1.45009E+00 
7.78800E+03 1.53813E+00 
7.78940E+03 1.57113E+00 
7.79080E+03 1.70346E+00 
7.79220E+03 1.06182E+00 
7.79360E+03 3.27326E+00 
7.79500E+03 1.84516E+00 
7.79640E+03 2.17270E+00 
7.79780E+03 1.79660E+00 
7.79920E+03 1.84507E+00 
7.80060E+03 1.39824E+00 
7.80200E+03 1.08604E+00 
7.80340E+03 1.25528E+00 
7.80480E+03 9.57081E-01 
7.80620E+03 1.07514E+00 
7.80760E+03 1.49940E+00 
7.80900E+03 1.77857E+00 
7.81040E+03 1.60599E+00 
7.81180E+03 1.77547E+00 
7.81320E+03 1.80856E+00 
7.81460E+03 2.03467E+00 
7.81600E+03 2.11651E+00 
7.81740E+03 1.86854E+00 
7.81880E+03 1.34434E+00 
7.82020E+03 2.75343E+00 
7.82160E+03 1.68194E+00 
7.82300E+03 3.02476E+00 
7.82440E+03 1.76105E+00 
7.82580E+03 2.02221E+00 
7.82720E+03 1.98289E+00 
7.82860E+03 1.82157E+00 
7.83000E+03 1.80866E+00 
7.83140E+03 1.80195E+00 
7.83280E+03 1.74084E+00 
7.83420E+03 1.66579E+00 
7.83560E+03 1.79319E+00 
7.83700E+03 1.93921E+00 
7.83840E+03 1.76897E+00 
7.83980E+03 1.66155E+00 
7.84120E+03 1.98154E+00 
7.84260E+03 1.70986E+00 
7.84400E+03 1.38125E+00 
7.84540E+03 1.54965E+00 
7.84680E+03 1.53623E+00 
7.84820E+03 1.83572E+00 
7.84960E+03 1.53923E+00 
7.85100E+03 2.00699E+00 
7.85240E+03 1.36804E+00 
7.85380E+03 2.52154E+00 
7.85520E+03 9.05742E-01 
7.85660E+03 2.05215E+00 
7.85800E+03 1.77040E+00 
7.85940E+03 2.26795E+00 
7.86080E+03 1.41324E+00 
7.86220E+03 2.12471E+00 
7.86360E+03 1.69799E+00 
7.86500E+03 1.65265E+00 
7.86640E+03 1.59507E+00 
7.86780E+03 1.87654E+00 
7.86920E+03 2.14287E+00 
7.87060E+03 2.04329E+00 
7.87200E+03 2.40582E+00 
7.87340E+03 1.82036E+00 
7.87480E+03 2.10129E+00 
7.87620E+03 2.00991E+00 
7.87760E+03 1.89512E+00 
7.87900E+03 1.72620E+00 
7.88040E+03 2.18870E+00 
7.88180E+03 1.83004E+00 
7.88320E+03 2.10085E+00 
7.88460E+03 1.88714E+00 
7.88600E+03 1.69512E+00 
7.88740E+03 2.30125E+00 
7.88880E+03 1.61474E+00 
7.89020E+03 2.00248E+00 
7.89160E+03 1.68488E+00 
7.89300E+03 2.02670E+00 
7.89440E+03 2.33425E+00 
7.89580E+03 1.85511E+00 
7.89720E+03 1.62348E+00 
7.89860E+03 1.95701E+00 
7.90000E+03 1.50867E+00 
7.90140E+03 1.69490E+00 
7.90280E+03 1.86518E+00 
7.90420E+03 1.92622E+00 
7.90560E+03 1.92908E+00 
7.90700E+03 1.81694E+00 
7.90840E+03 1.70777E+00 
7.90980E+03 2.38778E+00 
7.91120E+03 1.16599E+00 
7.91260E+03 2.83833E+00 
7.91400E+03 6.16404E-01 
7.91540E+03 2.24972E+00 
7.91680E+03 1.22856E+00 
7.91820E+03 1.93516E+00 
7.91960E+03 1.55533E+00 
7.92100E+03 2.04573E+00 
7.92240E+03 1.00581E+00 
7.92380E+03 2.58184E+00 
7.92520E+03 1.64719E+00 
7.92660E+03 1.67808E+00 
7.92800E+03 1.87403E+00 
7.92940E+03 2.39476E+00 
7.93080E+03 2.18281E+00 
7.93220E+03 1.94250E+00 
7.93360E+03 1.66139E+00 
7.93500E+03 1.55509E+00 
7.93640E+03 1.32884E+00 
7.93780E+03 1.74666E+00 
7.93920E+03 1.77494E+00 
7.94060E+03 1.84799E+00 
7.94200E+03 1.93749E+00 
7.94340E+03 1.76408E+00 
7.94480E+03 1.89660E+00 
7.94620E+03 1.56393E+00 
7.94760E+03 1.77858E+00 
7.94900E+03 1.64251E+00 
7.95040E+03 2.02529E+00 
7.95180E+03 1.51334E+00 
7.95320E+03 2.08698E+00 
7.95460E+03 1.40871E+00 
7.95600E+03 1.60538E+00 
7.95740E+03 1.74987E+00 
7.95880E+03 1.79890E+00 
7.96020E+03 1.69857E+00 
7.96160E+03 2.02754E+00 
7.96300E+03 8.48840E-01 
7.96440E+03 2.29354E+00 
7.96580E+03 1.57046E+00 
7.96720E+03 2.48919E+00 
7.96860E+03 2.57192E+00 
7.97000E+03 2.14150E+00 
7.97140E+03 1.87542E+00 
7.97280E+03 1.93377E+00 
7.97420E+03 1.57592E+00 
7.97560E+03 1.44500E+00 
7.97700E+03 2.10846E+00 
7.97840E+03 2.14491E+00 
7.97980E+03 1.80656E+00 
7.98120E+03 2.72141E+00 
7.98260E+03 2.00418E+00 
7.98400E+03 2.06208E+00 
7.98540E+03 2.14132E+00 
7.98680E+03 2.12228E+00 
7.98820E+03 1.88777E+00 
7.98960E+03 1.91876E+00 
7.99100E+03 1.24424E+00 
7.99240E+03 1.71716E+00 
7.99380E+03 1.77938E+00 
7.99520E+03 1.93672E+00 
7.99660E+03 1.40456E+00 
7.99800E+03 1.61519E+00 
7.99940E+03 1.44032E+00 
8.00080E+03 1.66211E+00 
8.00220E+03 2.03751E+00 
8.00360E+03 2.04999E+00 
8.00500E+03 2.43845E+00 
8.00640E+03 2.27054E+00 
8.00780E+03 2.07302E+00 
8.00920E+03 1.88096E+00 
8.01060E+03 2.04040E+00 
8.01200E+03 1.76799E+00 
8.01340E+03 2.24635E+00 
8.01480E+03 1.43701E+00 
8.01620E+03 2.29700E+00 
8.01760E+03 2.16544E+00 
8.01900E+03 2.02826E+00 
8.02040E+03 2.39040E+00 
8.02180E+03 1.79743E+00 
8.02320E+03 1.99346E+00 
8.02460E+03 1.51252E+00 
8.02600E+03 2.16708E+00 
8.02740E+03 1.18075E+00 
8.02880E+03 1.32725E+00 
8.03020E+03 1.85398E+00 
8.03160E+03 2.28331E+00 
8.03300E+03 2.67563E+00 
8.03440E+03 2.75538E+00 
8.03580E+03 2.04300E+00 
8.03720E+03 1.43003E+00 
8.03860E+03 1.85204E+00 
8.04000E+03 1.32680E+00 
8.04140E+03 1.26029E+00 
8.04280E+03 1.74078E+00 
8.04420E+03 1.69111E+00 
8.04560E+03 2.02612E+00 
8.04700E+03 1.68266E+00 
8.04840E+03 1.74821E+00 
8.04980E+03 2.45961E+00 
8.05120E+03 1.83248E+00 
8.05260E+03 2.08989E+00 
8.05400E+03 1.76619E+00 
8.05540E+03 1.45640E+00 
8.05680E+03 2.05814E+00 
8.05820E+03 2.48684E+00 
8.05960E+03 2.52925E+00 
8.06100E+03 2.35140E+00 
8.06240E+03 2.98754E+00 
8.06380E+03 2.68772E+00 
8.06520E+03 2.64381E+00 
8.06660E+03 3.13982E+00 
8.06800E+03 3.47185E+00 
8.06940E+03 2.30013E+00 
8.07080E+03 1.61874E+00 
8.07220E+03 2.00139E+00 
8.07360E+03 1.86084E+00 
8.07500E+03 1.43386E+00 
8.07640E+03 2.08439E+00 
8.07780E+03 2.56322E+00 
8.07920E+03 2.84751E+00 
8.08060E+03 1.92774E+00 
8.08200E+03 1.91408E+00 
8.08340E+03 2.70390E+00 
8.08480E+03 1.98756E+00 
8.08620E+03 2.44506E+00 
8.08760E+03 2.67433E+00 
8.08900E+03 3.00246E+00 
8.09040E+03 2.81012E+00 
8.09180E+03 2.71709E+00 
8.09320E+03 2.95316E+00 
8.09460E+03 2.17432E+00 
8.09600E+03 2.41837E+00 
8.09740E+03 1.74901E+00 
8.09880E+03 2.29547E+00 
8.10020E+03 2.47324E+00 
8.10160E+03 3.37136E+00 
8.10300E+03 2.36167E+00 
8.10440E+03 1.36769E+00 
8.10580E+03 1.84661E+00 
8.10720E+03 1.97069E+00 
8.10860E+03 2.14512E+00 
8.11000E+03 1.96583E+00 
8.11140E+03 1.52822E+00 
8.11280E+03 1.79654E+00 
8.11420E+03 1.45002E+00 
8.11560E+03 1.02960E+00 
8.11700E+03 2.47061E+00 
8.11840E+03 1.35933E+00 
8.11980E+03 1.66070E+00 
8.12120E+03 2.61258E+00 
8.12260E+03 2.87526E+00 
8.12400E+03 1.49450E+00 
8.12540E+03 2.35975E+00 
8.12680E+03 2.79809E+00 
8.12820E+03 1.86026E+00 
8.12960E+03 1.58307E+00 
8.13100E+03 1.35278E+00 
8.13240E+03 1.00804E+00 
8.13380E+03 1.02104E+00 
8.13520E+03 2.11436E+00 
8.13660E+03 1.91804E+00 
8.13800E+03 2.36674E+00 
8.13940E+03 3.02255E+00 
8.14080E+03 3.57438E+00 
8.14220E+03 1.64340E+00 
8.14360E+03 1.66189E+00 
8.14500E+03 3.52012E+00 
8.14640E+03 2.88537E+00 
8.14780E+03 1.96386E-01 
8.14920E+03 1.56592E+00 
8.15060E+03 1.25420E+00 
8.15200E+03 1.60729E+00 
8.15340E+03 8.49096E-01 
8.15480E+03 1.64879E+00 
8.15620E+03 9.46514E-01 
8.15760E+03 4.01992E+00 
8.15900E+03 2.92736E+00 
8.16040E+03 3.09050E+00 
8.16180E+03 1.32071E-01 
8.16320E+03 3.84632E+00 
8.16460E+03 3.96458E+00 
8.16600E+03 -7.36691E-02 
8.16740E+03 -5.37778E-01 
8.16880E+03 -4.36672E+00 
8.17020E+03 6.15028E+00 
8.17160E+03 6.36701E+00 
8.17300E+03 -1.05275E+01 
8.17440E+03 -4.63889E-01 
8.17580E+03 -2.55481E+00 
8.17720E+03 7.31502E-02 
8.17860E+03 0.00000E+00 
8.18000E+03 0.00000E+00 
8.18140E+03 0.00000E+00 
8.18280E+03 0.00000E+00 
8.18420E+03 0.00000E+00 
8.18560E+03 0.00000E+00 
8.18700E+03 0.00000E+00 
8.18840E+03 0.00000E+00 
8.18980E+03 0.00000E+00 
8.19120E+03 0.00000E+00 
8.19260E+03 0.00000E+00 
8.19400E+03 0.00000E+00 
8.19540E+03 0.00000E+00 
8.19680E+03 0.00000E+00 
8.19820E+03 0.00000E+00 
8.19960E+03 0.00000E+00 
8.20100E+03 0.00000E+00 
8.20240E+03 0.00000E+00 
8.20380E+03 0.00000E+00 
8.20520E+03 0.00000E+00 
8.20660E+03 0.00000E+00 
8.20800E+03 0.00000E+00 
8.20940E+03 0.00000E+00 
8.21080E+03 0.00000E+00 
8.21220E+03 0.00000E+00 
8.21360E+03 0.00000E+00 
8.21500E+03 0.00000E+00 
8.21640E+03 0.00000E+00 
8.21780E+03 0.00000E+00 
8.21920E+03 0.00000E+00 
8.22060E+03 0.00000E+00 
8.22200E+03 0.00000E+00 
8.22340E+03 0.00000E+00 
8.22480E+03 0.00000E+00 
8.22620E+03 0.00000E+00 
8.22760E+03 0.00000E+00 
8.22900E+03 0.00000E+00 
8.23040E+03 0.00000E+00 
8.23180E+03 0.00000E+00 
8.23320E+03 0.00000E+00 
8.23460E+03 0.00000E+00 
8.23600E+03 0.00000E+00 
8.23740E+03 0.00000E+00 
8.23880E+03 0.00000E+00 
8.24020E+03 0.00000E+00 
8.24160E+03 0.00000E+00 
8.24300E+03 0.00000E+00 
8.24440E+03 0.00000E+00 
8.24580E+03 0.00000E+00 
8.24720E+03 0.00000E+00 
8.24860E+03 0.00000E+00 
8.25000E+03 0.00000E+00 
8.25140E+03 0.00000E+00 
8.25280E+03 0.00000E+00 
8.25420E+03 0.00000E+00 
8.25560E+03 0.00000E+00 
8.25700E+03 0.00000E+00 
8.25840E+03 0.00000E+00 
8.25980E+03 0.00000E+00 
8.26120E+03 0.00000E+00 
8.26260E+03 0.00000E+00 
8.26400E+03 0.00000E+00 
8.26540E+03 0.00000E+00 
8.26680E+03 0.00000E+00 
8.26820E+03 0.00000E+00 
8.26960E+03 0.00000E+00 
8.27100E+03 0.00000E+00 
8.27240E+03 0.00000E+00 
8.27380E+03 0.00000E+00 
8.27520E+03 0.00000E+00 
8.27660E+03 0.00000E+00 
8.27800E+03 0.00000E+00 
8.27940E+03 0.00000E+00 
8.28080E+03 0.00000E+00 
8.28220E+03 0.00000E+00 
8.28360E+03 0.00000E+00 
8.28500E+03 0.00000E+00 
8.28640E+03 0.00000E+00 
8.28780E+03 0.00000E+00 
8.28920E+03 0.00000E+00 
8.29060E+03 0.00000E+00 
8.29200E+03 0.00000E+00 
8.29340E+03 0.00000E+00 
8.29480E+03 0.00000E+00 
8.29620E+03 0.00000E+00 
8.29760E+03 0.00000E+00 
8.29900E+03 0.00000E+00 
8.30040E+03 0.00000E+00 
8.30180E+03 0.00000E+00 
8.30320E+03 0.00000E+00 
8.30460E+03 0.00000E+00 
8.30600E+03 0.00000E+00 
8.30740E+03 0.00000E+00 
8.30880E+03 0.00000E+00 
8.31020E+03 0.00000E+00 
8.31160E+03 0.00000E+00 
8.31300E+03 0.00000E+00 
8.31440E+03 0.00000E+00 
8.31580E+03 0.00000E+00 
8.31720E+03 0.00000E+00 
8.31860E+03 0.00000E+00 
8.32000E+03 0.00000E+00 
8.32140E+03 0.00000E+00 
8.32280E+03 0.00000E+00 
8.32420E+03 0.00000E+00 
8.32560E+03 0.00000E+00 
8.32700E+03 0.00000E+00 
8.32840E+03 0.00000E+00 
8.32980E+03 0.00000E+00 
8.33120E+03 0.00000E+00 
8.33260E+03 0.00000E+00 
8.33400E+03 0.00000E+00 
8.33540E+03 0.00000E+00 
8.33680E+03 0.00000E+00 
8.33820E+03 0.00000E+00 
8.33960E+03 0.00000E+00 
8.34100E+03 0.00000E+00 
8.34240E+03 0.00000E+00 
8.34380E+03 0.00000E+00 
8.34520E+03 0.00000E+00 
8.34660E+03 0.00000E+00 
8.34800E+03 0.00000E+00 
8.34940E+03 0.00000E+00 
8.35080E+03 0.00000E+00 
8.35220E+03 0.00000E+00 
8.35360E+03 0.00000E+00 
8.35500E+03 0.00000E+00 
8.35640E+03 0.00000E+00 
8.35780E+03 0.00000E+00 
8.35920E+03 0.00000E+00 
8.36060E+03 0.00000E+00 
8.36200E+03 0.00000E+00 
8.36340E+03 0.00000E+00 
8.36480E+03 0.00000E+00 
8.36620E+03 0.00000E+00 
8.36760E+03 0.00000E+00 
8.36900E+03 0.00000E+00 
8.37040E+03 0.00000E+00 
8.37180E+03 0.00000E+00 
8.37320E+03 0.00000E+00 
8.37460E+03 0.00000E+00 
8.37600E+03 0.00000E+00 
8.37740E+03 0.00000E+00 
8.37880E+03 0.00000E+00 
8.38020E+03 0.00000E+00 
8.38160E+03 0.00000E+00 
8.38300E+03 0.00000E+00 
8.38440E+03 0.00000E+00 
8.38580E+03 0.00000E+00 
8.38720E+03 0.00000E+00 
8.38860E+03 0.00000E+00 
