3.40000E+03 -2.66520E+01 
3.40075E+03 7.52487E+00 
3.40150E+03 2.92183E+01 
3.40225E+03 2.00653E+01 
3.40300E+03 -7.09784E+00 
3.40375E+03 6.40924E+00 
3.40450E+03 -3.47629E+00 
3.40525E+03 2.08568E+01 
3.40600E+03 5.72793E-01 
3.40675E+03 1.19260E+01 
3.40750E+03 3.18560E+01 
3.40825E+03 2.61479E+01 
3.40900E+03 2.00897E+00 
3.40975E+03 4.96196E+00 
3.41050E+03 -2.20009E+00 
3.41125E+03 -3.10786E+00 
3.41200E+03 -3.85082E-03 
3.41275E+03 -3.21304E+00 
3.41350E+03 -1.10615E+01 
3.41425E+03 -7.16967E+00 
3.41500E+03 -5.27743E+00 
3.41575E+03 -9.09803E+00 
3.41650E+03 -3.06746E+00 
3.41725E+03 -1.26502E+00 
3.41800E+03 1.85731E+00 
3.41875E+03 8.04240E-01 
3.41950E+03 2.47791E-01 
3.42025E+03 -4.20550E+00 
3.42100E+03 -8.82537E+00 
3.42175E+03 -1.02605E+01 
3.42250E+03 -8.10338E+00 
3.42325E+03 -9.36570E+00 
3.42400E+03 -2.25347E+00 
3.42475E+03 4.44979E+00 
3.42550E+03 1.21066E+00 
3.42625E+03 -1.69483E+00 
3.42700E+03 -9.70658E-01 
3.42775E+03 -1.15994E-01 
3.42850E+03 -1.08624E+00 
3.42925E+03 -1.21471E+00 
3.43000E+03 -1.52653E+00 
3.43075E+03 -7.34047E-01 
3.43150E+03 -7.14434E-01 
3.43225E+03 -4.87997E-01 
3.43300E+03 4.61265E-01 
3.43375E+03 -5.68461E-01 
3.43450E+03 1.80846E-01 
3.43525E+03 -4.39131E-01 
3.43600E+03 -1.62522E+00 
3.43675E+03 5.35498E-01 
3.43750E+03 3.54766E-01 
3.43825E+03 1.64891E+00 
3.43900E+03 1.47253E+00 
3.43975E+03 -2.26788E+00 
3.44050E+03 -2.62917E+00 
3.44125E+03 6.26099E-01 
3.44200E+03 1.87675E+00 
3.44275E+03 1.01548E+00 
3.44350E+03 1.11520E+00 
3.44425E+03 4.66499E-01 
3.44500E+03 6.08863E-01 
3.44575E+03 -1.36307E+00 
3.44650E+03 8.82697E-01 
3.44725E+03 3.11692E+00 
3.44800E+03 4.33554E+00 
3.44875E+03 2.74224E+00 
3.44950E+03 1.19023E+00 
3.45025E+03 9.61947E-01 
3.45100E+03 1.60075E+00 
3.45175E+03 4.05440E-01 
3.45250E+03 -1.16005E+00 
3.45325E+03 -2.53274E+00 
3.45400E+03 -6.02275E-01 
3.45475E+03 -1.00705E+00 
3.45550E+03 -1.11108E+00 
3.45625E+03 6.43679E-01 
3.45700E+03 5.79999E-01 
3.45775E+03 3.37627E-01 
3.45850E+03 4.98153E-01 
3.45925E+03 -1.06750E+00 
3.46000E+03 1.20631E+00 
3.46075E+03 1.09856E+00 
3.46150E+03 -1.79539E-01 
3.46225E+03 -2.97006E+00 
3.46300E+03 -1.72981E+00 
3.46375E+03 -9.30533E-01 
3.46450E+03 -1.62760E+00 
3.46525E+03 -8.39533E-01 
3.46600E+03 1.19850E+00 
3.46675E+03 1.36357E+00 
3.46750E+03 1.32643E+00 
3.46825E+03 7.80790E-01 
3.46900E+03 -2.00395E-01 
3.46975E+03 -7.97919E-01 
3.47050E+03 1.38262E-01 
3.47125E+03 1.06546E+00 
3.47200E+03 1.33759E+00 
3.47275E+03 2.53806E-01 
3.47350E+03 -2.67155E-01 
3.47425E+03 -5.76491E-03 
3.47500E+03 1.59453E-01 
3.47575E+03 3.29304E-01 
3.47650E+03 1.04353E+00 
3.47725E+03 5.62935E-01 
3.47800E+03 -2.67782E-01 
3.47875E+03 -6.22931E-01 
3.47950E+03 -3.83148E-01 
3.48025E+03 1.67038E-01 
3.48100E+03 8.25735E-01 
3.48175E+03 7.70661E-01 
3.48250E+03 7.61904E-01 
3.48325E+03 9.10493E-01 
3.48400E+03 2.77453E-02 
3.48475E+03 3.27759E-02 
3.48550E+03 8.17778E-01 
3.48625E+03 3.92528E-01 
3.48700E+03 -2.22889E-01 
3.48775E+03 -5.49277E-01 
3.48850E+03 -2.72475E-01 
3.48925E+03 1.47797E-02 
3.49000E+03 7.64228E-01 
3.49075E+03 2.62439E-01 
3.49150E+03 6.66627E-01 
3.49225E+03 8.86782E-01 
3.49300E+03 9.03385E-01 
3.49375E+03 3.20952E-02 
3.49450E+03 -4.26798E-01 
3.49525E+03 -2.48203E-01 
3.49600E+03 -7.41907E-02 
3.49675E+03 -4.61327E-01 
3.49750E+03 3.95386E-02 
3.49825E+03 1.08128E+00 
3.49900E+03 1.65749E-01 
3.49975E+03 5.30788E-01 
3.50050E+03 1.43622E+00 
3.50125E+03 1.78023E+00 
3.50200E+03 1.29032E+00 
3.50275E+03 5.37666E-01 
3.50350E+03 -4.65625E-01 
3.50425E+03 -1.71154E-01 
3.50500E+03 2.44874E-01 
3.50575E+03 7.07873E-01 
3.50650E+03 -1.63482E-01 
3.50725E+03 5.63571E-02 
3.50800E+03 -2.38227E-01 
3.50875E+03 -8.80192E-02 
3.50950E+03 -1.10005E-01 
3.51025E+03 1.47477E-01 
3.51100E+03 -1.33256E-01 
3.51175E+03 1.03734E-01 
3.51250E+03 1.15153E-01 
3.51325E+03 -3.46094E-01 
3.51400E+03 8.79277E-02 
3.51475E+03 1.01285E+00 
3.51550E+03 1.00107E+00 
3.51625E+03 6.12194E-01 
3.51700E+03 4.59288E-01 
3.51775E+03 4.52566E-01 
3.51850E+03 4.29166E-01 
3.51925E+03 -3.10423E-01 
3.52000E+03 1.15667E-01 
3.52075E+03 3.99376E-01 
3.52150E+03 4.88437E-01 
3.52225E+03 2.54754E-01 
3.52300E+03 2.73757E-01 
3.52375E+03 -6.77501E-02 
3.52450E+03 2.73890E-01 
3.52525E+03 -2.46558E-01 
3.52600E+03 -1.22778E-01 
3.52675E+03 1.99924E-01 
3.52750E+03 -2.94253E-01 
3.52825E+03 -3.05260E-01 
3.52900E+03 -4.43102E-01 
3.52975E+03 -1.06429E+00 
3.53050E+03 -5.49263E-01 
3.53125E+03 -1.95248E-01 
3.53200E+03 -3.60360E-01 
3.53275E+03 3.96584E-01 
3.53350E+03 5.03463E-01 
3.53425E+03 1.40680E-01 
3.53500E+03 2.30526E-02 
3.53575E+03 -5.53345E-01 
3.53650E+03 -6.62128E-01 
3.53725E+03 -5.60100E-01 
3.53800E+03 -9.88655E-01 
3.53875E+03 4.72058E-01 
3.53950E+03 4.75679E-01 
3.54025E+03 2.02820E-01 
3.54100E+03 -1.10660E-02 
3.54175E+03 4.23002E-01 
3.54250E+03 4.35337E-01 
3.54325E+03 3.95412E-01 
3.54400E+03 -1.00614E-01 
3.54475E+03 -8.02966E-01 
3.54550E+03 -3.33061E-02 
3.54625E+03 5.43714E-01 
3.54700E+03 2.44766E-01 
3.54775E+03 5.89775E-01 
3.54850E+03 4.32654E-01 
3.54925E+03 4.93206E-01 
3.55000E+03 1.86153E-01 
3.55075E+03 -1.05727E-01 
3.55150E+03 2.33903E-01 
3.55225E+03 9.85560E-02 
3.55300E+03 -3.68281E-01 
3.55375E+03 -4.27519E-01 
3.55450E+03 -7.99538E-01 
3.55525E+03 -3.71769E-01 
3.55600E+03 3.86789E-01 
3.55675E+03 5.05991E-01 
3.55750E+03 6.67592E-01 
3.55825E+03 5.18929E-01 
3.55900E+03 7.88730E-01 
3.55975E+03 6.74178E-01 
3.56050E+03 -1.28715E-01 
3.56125E+03 -4.77588E-01 
3.56200E+03 1.97345E-01 
3.56275E+03 2.47561E-01 
3.56350E+03 -2.64002E-01 
3.56425E+03 -8.25304E-02 
3.56500E+03 6.40158E-02 
3.56575E+03 4.05600E-01 
3.56650E+03 5.61234E-01 
3.56725E+03 -2.57083E-01 
3.56800E+03 -4.88107E-01 
3.56875E+03 1.94442E-01 
3.56950E+03 -3.94301E-01 
3.57025E+03 -5.62597E-01 
3.57100E+03 -4.09388E-01 
3.57175E+03 -3.25888E-01 
3.57250E+03 -4.92315E-01 
3.57325E+03 5.35594E-02 
3.57400E+03 -3.63247E-01 
3.57475E+03 9.00775E-02 
3.57550E+03 3.45417E-01 
3.57625E+03 3.72092E-01 
3.57700E+03 -5.54367E-02 
3.57775E+03 -4.39106E-01 
3.57850E+03 2.12923E-01 
3.57925E+03 -1.94958E-01 
3.58000E+03 -4.06212E-01 
3.58075E+03 -3.37416E-01 
3.58150E+03 -5.60892E-02 
3.58225E+03 -3.33179E-02 
3.58300E+03 2.01697E-01 
3.58375E+03 7.84034E-02 
3.58450E+03 -3.69519E-01 
3.58525E+03 -4.89249E-02 
3.58600E+03 1.65941E-01 
3.58675E+03 1.27370E-01 
3.58750E+03 -1.62848E-01 
3.58825E+03 1.78036E-02 
3.58900E+03 4.04682E-01 
3.58975E+03 -4.68615E-02 
3.59050E+03 1.39434E-01 
3.59125E+03 7.95527E-01 
3.59200E+03 6.88256E-01 
3.59275E+03 1.10907E-01 
3.59350E+03 2.05518E-01 
3.59425E+03 -1.00685E-01 
3.59500E+03 -2.78428E-01 
3.59575E+03 2.96443E-02 
3.59650E+03 -3.71660E-01 
3.59725E+03 -3.63250E-01 
3.59800E+03 1.55146E-01 
3.59875E+03 -2.57373E-02 
3.59950E+03 -4.76322E-01 
3.60025E+03 -3.83703E-01 
3.60100E+03 3.47782E-01 
3.60175E+03 7.16338E-01 
3.60250E+03 -3.19467E-01 
3.60325E+03 -2.88572E-01 
3.60400E+03 3.18620E-02 
3.60475E+03 4.73395E-02 
3.60550E+03 1.31007E-01 
3.60625E+03 -1.18680E-01 
3.60700E+03 -3.72602E-01 
3.60775E+03 -2.28693E-01 
3.60850E+03 1.60577E-02 
3.60925E+03 -2.18860E-01 
3.61000E+03 -5.65907E-01 
3.61075E+03 -5.22489E-01 
3.61150E+03 6.39880E-02 
3.61225E+03 -4.06965E-01 
3.61300E+03 -4.47855E-01 
3.61375E+03 -1.71572E-02 
3.61450E+03 -6.55902E-02 
3.61525E+03 -3.41123E-01 
3.61600E+03 -1.49485E-01 
3.61675E+03 -9.64451E-03 
3.61750E+03 1.91527E-01 
3.61825E+03 2.10909E-01 
3.61900E+03 -5.28291E-01 
3.61975E+03 -7.95853E-01 
3.62050E+03 -3.01848E-01 
3.62125E+03 -1.75311E-01 
3.62200E+03 -4.56780E-02 
3.62275E+03 -3.61909E-01 
3.62350E+03 -9.58830E-02 
3.62425E+03 -2.89129E-02 
3.62500E+03 2.03642E-01 
3.62575E+03 -4.23383E-01 
3.62650E+03 -2.10970E-01 
3.62725E+03 -2.26207E-01 
3.62800E+03 -1.50638E-01 
3.62875E+03 6.78251E-02 
3.62950E+03 -2.67247E-01 
3.63025E+03 9.92651E-03 
3.63100E+03 2.22520E-01 
3.63175E+03 -2.67175E-02 
3.63250E+03 -1.13932E-01 
3.63325E+03 -3.19740E-01 
3.63400E+03 -4.43695E-02 
3.63475E+03 -1.38899E-01 
3.63550E+03 -4.01958E-01 
3.63625E+03 -5.94212E-01 
3.63700E+03 -2.92633E-01 
3.63775E+03 1.00705E-01 
3.63850E+03 5.00364E-02 
3.63925E+03 -1.27767E-01 
3.64000E+03 5.25183E-02 
3.64075E+03 2.95774E-01 
3.64150E+03 1.69292E-01 
3.64225E+03 -5.83568E-02 
3.64300E+03 9.56280E-02 
3.64375E+03 -1.56158E-01 
3.64450E+03 -1.00123E-01 
3.64525E+03 -2.73840E-01 
3.64600E+03 -2.59150E-01 
3.64675E+03 -3.71587E-01 
3.64750E+03 2.95684E-01 
3.64825E+03 1.12752E-01 
3.64900E+03 -2.13890E-01 
3.64975E+03 2.04125E-01 
3.65050E+03 4.63116E-02 
3.65125E+03 -3.13385E-01 
3.65200E+03 -5.01542E-01 
3.65275E+03 -5.30234E-01 
3.65350E+03 -4.09617E-01 
3.65425E+03 -1.34000E-01 
3.65500E+03 -3.03650E-01 
3.65575E+03 -3.80190E-01 
3.65650E+03 -5.32996E-02 
3.65725E+03 1.98279E-01 
3.65800E+03 -1.54793E-01 
3.65875E+03 -4.62909E-02 
3.65950E+03 -1.90530E-01 
3.66025E+03 -9.39649E-02 
3.66100E+03 -1.36821E-01 
3.66175E+03 -5.61532E-01 
3.66250E+03 -5.36674E-01 
3.66325E+03 5.44203E-02 
3.66400E+03 -1.28717E-03 
3.66475E+03 -2.39903E-01 
3.66550E+03 -1.79771E-01 
3.66625E+03 1.31024E-02 
3.66700E+03 1.69686E-01 
3.66775E+03 8.23839E-02 
3.66850E+03 8.57311E-03 
3.66925E+03 -2.52034E-02 
3.67000E+03 8.45230E-02 
3.67075E+03 -1.31250E-01 
3.67150E+03 -4.77462E-01 
3.67225E+03 -1.59880E-01 
3.67300E+03 2.80540E-02 
3.67375E+03 4.18653E-01 
3.67450E+03 1.26778E-01 
3.67525E+03 -7.65470E-02 
3.67600E+03 -2.88035E-02 
3.67675E+03 7.00611E-03 
3.67750E+03 4.62539E-01 
3.67825E+03 -9.03590E-02 
3.67900E+03 1.44943E-02 
3.67975E+03 -6.14722E-02 
3.68050E+03 2.56998E-01 
3.68125E+03 1.31068E-03 
3.68200E+03 -1.64035E-01 
3.68275E+03 1.71605E-01 
3.68350E+03 3.48053E-01 
3.68425E+03 -6.86168E-02 
3.68500E+03 -2.95607E-01 
3.68575E+03 -1.95824E-01 
3.68650E+03 -4.18181E-01 
3.68725E+03 -3.82334E-01 
3.68800E+03 -2.03580E-01 
3.68875E+03 -2.19485E-01 
3.68950E+03 -2.50292E-01 
3.69025E+03 -1.77761E-01 
3.69100E+03 -1.81833E-01 
3.69175E+03 -2.66826E-02 
3.69250E+03 -2.06493E-01 
3.69325E+03 4.17641E-02 
3.69400E+03 -1.79794E-01 
3.69475E+03 -3.50345E-01 
3.69550E+03 -3.62854E-01 
3.69625E+03 1.32853E-01 
3.69700E+03 -1.77092E-01 
3.69775E+03 -3.36065E-01 
3.69850E+03 -6.84025E-02 
3.69925E+03 1.78086E-01 
3.70000E+03 1.27619E-01 
3.70075E+03 3.42335E-01 
3.70150E+03 -3.96147E-02 
3.70225E+03 1.62141E-01 
3.70300E+03 9.97449E-02 
3.70375E+03 1.57410E-01 
3.70450E+03 -2.38714E-02 
3.70525E+03 4.88141E-01 
3.70600E+03 8.10948E-01 
3.70675E+03 6.38002E-01 
3.70750E+03 6.00491E-02 
3.70825E+03 -1.18876E-01 
3.70900E+03 2.38459E-01 
3.70975E+03 4.31480E-01 
3.71050E+03 7.87667E-02 
3.71125E+03 -5.74173E-02 
3.71200E+03 2.11122E-02 
3.71275E+03 1.44830E-01 
3.71350E+03 -7.72782E-02 
3.71425E+03 -7.00574E-02 
3.71500E+03 -2.30849E-01 
3.71575E+03 1.57021E-01 
3.71650E+03 2.98077E-01 
3.71725E+03 1.01499E-01 
3.71800E+03 -1.06059E-01 
3.71875E+03 4.02489E-01 
3.71950E+03 1.60224E-02 
3.72025E+03 -3.47561E-01 
3.72100E+03 -3.21263E-01 
3.72175E+03 4.47394E-02 
3.72250E+03 -4.79180E-02 
3.72325E+03 9.83402E-03 
3.72400E+03 -2.97861E-01 
3.72475E+03 -1.10464E-02 
3.72550E+03 1.02912E+00 
3.72625E+03 3.14355E+00 
3.72700E+03 3.63101E+00 
3.72775E+03 1.94149E+00 
3.72850E+03 2.99814E+00 
3.72925E+03 5.76636E+00 
3.73000E+03 4.60072E+00 
3.73075E+03 1.70229E+00 
3.73150E+03 8.72514E-01 
3.73225E+03 3.20487E-01 
3.73300E+03 1.46627E-01 
3.73375E+03 1.47926E-02 
3.73450E+03 8.06542E-02 
3.73525E+03 1.30289E-01 
3.73600E+03 3.61354E-01 
3.73675E+03 4.88867E-02 
3.73750E+03 -2.67199E-01 
3.73825E+03 -2.15815E-02 
3.73900E+03 4.09100E-03 
3.73975E+03 -5.19083E-02 
3.74050E+03 -2.02611E-01 
3.74125E+03 -1.28086E-01 
3.74200E+03 1.59103E-01 
3.74275E+03 2.50580E-01 
3.74350E+03 -9.44879E-02 
3.74425E+03 -9.62843E-02 
3.74500E+03 -1.00891E-01 
3.74575E+03 2.47089E-01 
3.74650E+03 2.72044E-01 
3.74725E+03 -1.89048E-01 
3.74800E+03 -3.75926E-01 
3.74875E+03 -1.10752E-02 
3.74950E+03 1.23991E-01 
3.75025E+03 -1.10884E-02 
3.75100E+03 -4.08170E-02 
3.75175E+03 1.32924E-01 
3.75250E+03 3.10229E-02 
3.75325E+03 -6.44692E-02 
3.75400E+03 -2.18197E-01 
3.75475E+03 -2.26964E-01 
3.75550E+03 7.00297E-02 
3.75625E+03 2.02426E-01 
3.75700E+03 -2.15477E-01 
3.75775E+03 -4.34173E-01 
3.75850E+03 -4.06800E-01 
3.75925E+03 1.31195E-01 
3.76000E+03 -1.95260E-01 
3.76075E+03 -4.53985E-01 
3.76150E+03 -9.58742E-02 
3.76225E+03 2.10593E-01 
3.76300E+03 9.52892E-02 
3.76375E+03 -3.51342E-01 
3.76450E+03 -2.06429E-01 
3.76525E+03 -1.93646E-01 
3.76600E+03 -1.08454E-01 
3.76675E+03 -7.65949E-02 
3.76750E+03 -1.98191E-01 
3.76825E+03 -1.24239E-01 
3.76900E+03 8.12884E-02 
3.76975E+03 -1.73709E-01 
3.77050E+03 -4.27790E-01 
3.77125E+03 1.01060E-01 
3.77200E+03 5.03870E-01 
3.77275E+03 1.48119E-01 
3.77350E+03 -3.98032E-01 
3.77425E+03 -1.98984E-01 
3.77500E+03 -1.45503E-01 
3.77575E+03 -4.64357E-01 
3.77650E+03 -2.33823E-01 
3.77725E+03 -4.89388E-01 
3.77800E+03 -2.73613E-01 
3.77875E+03 -2.96161E-01 
3.77950E+03 -2.90581E-01 
3.78025E+03 -3.05526E-01 
3.78100E+03 -7.96833E-02 
3.78175E+03 3.63017E-02 
3.78250E+03 5.83827E-02 
3.78325E+03 -3.25898E-02 
3.78400E+03 -1.25051E-01 
3.78475E+03 7.81609E-02 
3.78550E+03 4.28163E-01 
3.78625E+03 -3.69279E-03 
3.78700E+03 -8.30311E-01 
3.78775E+03 -1.41854E-01 
3.78850E+03 4.41479E-02 
3.78925E+03 1.33287E-01 
3.79000E+03 6.27529E-02 
3.79075E+03 3.36327E-02 
3.79150E+03 1.84715E-01 
3.79225E+03 3.16644E-01 
3.79300E+03 -1.39031E-01 
3.79375E+03 -1.16280E-02 
3.79450E+03 1.04388E-01 
3.79525E+03 1.75042E-01 
3.79600E+03 -4.56353E-03 
3.79675E+03 -6.48277E-01 
3.79750E+03 -3.09659E-01 
3.79825E+03 4.50683E-01 
3.79900E+03 3.24667E-01 
3.79975E+03 3.80710E-02 
3.80050E+03 -2.01715E-01 
3.80125E+03 3.78747E-01 
3.80200E+03 4.38147E-01 
3.80275E+03 -9.11077E-02 
3.80350E+03 -1.08003E-01 
3.80425E+03 -1.78216E-01 
3.80500E+03 6.23495E-02 
3.80575E+03 1.92430E-01 
3.80650E+03 6.84599E-02 
3.80725E+03 3.16709E-02 
3.80800E+03 2.84191E-01 
3.80875E+03 4.73449E-01 
3.80950E+03 1.87967E-01 
3.81025E+03 -2.94115E-01 
3.81100E+03 -6.14465E-02 
3.81175E+03 2.30635E-01 
3.81250E+03 -2.69195E-01 
3.81325E+03 -4.82337E-01 
3.81400E+03 -5.24144E-01 
3.81475E+03 -1.16419E-01 
3.81550E+03 3.07560E-01 
3.81625E+03 -1.35476E-01 
3.81700E+03 -1.83662E-01 
3.81775E+03 -5.51088E-02 
3.81850E+03 1.60377E-01 
3.81925E+03 1.12948E-01 
3.82000E+03 -1.46831E-01 
3.82075E+03 -3.01295E-01 
3.82150E+03 -8.78486E-03 
3.82225E+03 1.48958E-02 
3.82300E+03 -2.20756E-01 
3.82375E+03 -4.45343E-01 
3.82450E+03 1.83546E-01 
3.82525E+03 2.24153E-01 
3.82600E+03 -4.48785E-02 
3.82675E+03 -3.34125E-01 
3.82750E+03 1.68018E-01 
3.82825E+03 2.45243E-01 
3.82900E+03 3.22684E-01 
3.82975E+03 2.22225E-02 
3.83050E+03 -1.54984E-02 
3.83125E+03 -2.73528E-01 
3.83200E+03 -1.91062E-02 
3.83275E+03 7.35319E-02 
3.83350E+03 2.03840E-01 
3.83425E+03 3.29218E-01 
3.83500E+03 4.14694E-01 
3.83575E+03 4.26567E-01 
3.83650E+03 7.56666E-02 
3.83725E+03 -2.92125E-01 
3.83800E+03 -2.47220E-01 
3.83875E+03 -2.70924E-01 
3.83950E+03 -2.86485E-01 
3.84025E+03 -2.62863E-01 
3.84100E+03 5.17476E-01 
3.84175E+03 2.55094E-01 
3.84250E+03 -3.03576E-02 
3.84325E+03 1.86331E-02 
3.84400E+03 1.66439E-02 
3.84475E+03 2.30247E-01 
3.84550E+03 2.62608E-01 
3.84625E+03 -2.30278E-01 
3.84700E+03 -1.16894E-02 
3.84775E+03 -7.11970E-02 
3.84850E+03 -4.19542E-02 
3.84925E+03 -3.14572E-01 
3.85000E+03 -2.08900E-01 
3.85075E+03 2.14761E-01 
3.85150E+03 2.84812E-01 
3.85225E+03 -2.32495E-01 
3.85300E+03 -3.16281E-01 
3.85375E+03 1.87087E-01 
3.85450E+03 2.05058E-01 
3.85525E+03 -3.63649E-01 
3.85600E+03 -4.77771E-01 
3.85675E+03 -3.49791E-01 
3.85750E+03 -2.95545E-02 
3.85825E+03 1.23077E-02 
3.85900E+03 3.07550E-03 
3.85975E+03 -4.05288E-02 
3.86050E+03 5.42466E-02 
3.86125E+03 1.23493E-01 
3.86200E+03 -8.17050E-02 
3.86275E+03 -4.94945E-01 
3.86350E+03 -6.73448E-01 
3.86425E+03 -5.59755E-02 
3.86500E+03 2.78131E-01 
3.86575E+03 -1.57983E-01 
3.86650E+03 -4.20042E-01 
3.86725E+03 4.43401E-02 
3.86800E+03 6.52966E-01 
3.86875E+03 9.22589E-01 
3.86950E+03 1.39833E+00 
3.87025E+03 1.01610E+00 
3.87100E+03 5.64170E-01 
3.87175E+03 2.17316E-01 
3.87250E+03 -3.84690E-01 
3.87325E+03 -4.23870E-01 
3.87400E+03 -8.09073E-02 
3.87475E+03 5.75183E-01 
3.87550E+03 1.03543E+00 
3.87625E+03 4.95714E-01 
3.87700E+03 5.25005E-01 
3.87775E+03 5.67280E-01 
3.87850E+03 1.86293E-01 
3.87925E+03 -1.45647E-01 
3.88000E+03 -7.90002E-02 
3.88075E+03 2.78670E-01 
3.88150E+03 1.93133E-01 
3.88225E+03 -3.69900E-01 
3.88300E+03 -4.85309E-01 
3.88375E+03 -1.14142E-01 
3.88450E+03 2.32181E-01 
3.88525E+03 3.22232E-01 
3.88600E+03 4.40804E-02 
3.88675E+03 2.56038E-02 
3.88750E+03 2.39601E-01 
3.88825E+03 2.97098E-01 
3.88900E+03 3.89319E-01 
3.88975E+03 4.82020E-01 
3.89050E+03 5.27505E-01 
3.89125E+03 4.02335E-01 
3.89200E+03 1.91475E-01 
3.89275E+03 -1.76266E-01 
3.89350E+03 -2.49370E-02 
3.89425E+03 2.35417E-01 
3.89500E+03 1.06639E-01 
3.89575E+03 -1.61889E-01 
3.89650E+03 -1.49751E-01 
3.89725E+03 5.68982E-02 
3.89800E+03 -6.98307E-02 
3.89875E+03 -2.39502E-01 
3.89950E+03 -4.59842E-01 
3.90025E+03 -1.51518E-01 
3.90100E+03 1.12824E-01 
3.90175E+03 -1.23640E-01 
3.90250E+03 -2.49008E-01 
3.90325E+03 -1.23219E-01 
3.90400E+03 1.38400E-02 
3.90475E+03 5.69909E-02 
3.90550E+03 -1.99532E-01 
3.90625E+03 -1.61362E-01 
3.90700E+03 -1.44048E-01 
3.90775E+03 2.30427E-01 
3.90850E+03 2.04918E-01 
3.90925E+03 -7.55509E-02 
3.91000E+03 -3.81103E-02 
3.91075E+03 2.18896E-01 
3.91150E+03 1.33247E-01 
3.91225E+03 -3.58736E-01 
3.91300E+03 -2.70215E-01 
3.91375E+03 7.98346E-02 
3.91450E+03 2.75687E-01 
3.91525E+03 -1.51863E-01 
3.91600E+03 -4.42238E-01 
3.91675E+03 6.06950E-03 
3.91750E+03 5.09181E-01 
3.91825E+03 1.41638E-01 
3.91900E+03 8.40923E-02 
3.91975E+03 2.57220E-01 
3.92050E+03 6.58185E-01 
3.92125E+03 4.88083E-01 
3.92200E+03 -1.66663E-01 
3.92275E+03 -5.11936E-01 
3.92350E+03 -1.57343E-01 
3.92425E+03 1.40954E-02 
3.92500E+03 -2.11472E-01 
3.92575E+03 -1.86563E-01 
3.92650E+03 -1.14371E-02 
3.92725E+03 2.93867E-01 
3.92800E+03 2.49426E-01 
3.92875E+03 1.62150E-01 
3.92950E+03 -3.15412E-01 
3.93025E+03 1.34792E-02 
3.93100E+03 9.57449E-02 
3.93175E+03 -2.57503E-01 
3.93250E+03 -5.57410E-01 
3.93325E+03 -1.68611E-01 
3.93400E+03 2.10287E-01 
3.93475E+03 2.54608E-01 
3.93550E+03 -1.78260E-01 
3.93625E+03 -3.24027E-01 
3.93700E+03 8.75891E-02 
3.93775E+03 -3.32042E-02 
3.93850E+03 -5.65614E-02 
3.93925E+03 -3.13169E-01 
3.94000E+03 -4.30059E-01 
3.94075E+03 -2.30480E-01 
3.94150E+03 1.09632E-01 
3.94225E+03 -1.43681E-01 
3.94300E+03 -3.78740E-01 
3.94375E+03 -5.48593E-02 
3.94450E+03 2.04926E-01 
3.94525E+03 1.34758E-01 
3.94600E+03 -3.27996E-01 
3.94675E+03 -3.41963E-01 
3.94750E+03 5.09123E-02 
3.94825E+03 -2.18605E-01 
3.94900E+03 -3.28682E-01 
3.94975E+03 -4.06973E-01 
3.95050E+03 -1.57758E-01 
3.95125E+03 5.20960E-02 
3.95200E+03 5.11640E-02 
3.95275E+03 5.94255E-02 
3.95350E+03 1.21806E-01 
3.95425E+03 2.26579E-01 
3.95500E+03 -1.19241E-01 
3.95575E+03 -2.54390E-01 
3.95650E+03 -2.66267E-01 
3.95725E+03 -1.24788E-01 
3.95800E+03 -2.88404E-01 
3.95875E+03 -3.12300E-01 
3.95950E+03 -4.10806E-01 
3.96025E+03 1.00345E-01 
3.96100E+03 2.95127E-01 
3.96175E+03 2.01684E-01 
3.96250E+03 2.06622E-01 
3.96325E+03 2.87247E-01 
3.96400E+03 1.22575E-01 
3.96475E+03 2.93827E-02 
3.96550E+03 -1.46397E-01 
3.96625E+03 -1.05644E-01 
3.96700E+03 6.79230E-02 
3.96775E+03 1.93070E-01 
3.96850E+03 4.11677E-01 
3.96925E+03 1.07319E-01 
3.97000E+03 3.18186E-01 
3.97075E+03 1.02996E+00 
3.97150E+03 7.69563E-01 
3.97225E+03 9.67817E-02 
3.97300E+03 -9.67346E-02 
3.97375E+03 -9.31348E-02 
3.97450E+03 -3.33004E-01 
3.97525E+03 -2.60458E-01 
3.97600E+03 -3.96926E-01 
3.97675E+03 1.38038E-01 
3.97750E+03 3.25524E-02 
3.97825E+03 3.74943E-02 
3.97900E+03 7.76650E-03 
3.97975E+03 1.45570E-01 
3.98050E+03 3.22558E-01 
3.98125E+03 3.32958E-02 
3.98200E+03 -3.73004E-01 
3.98275E+03 -5.64882E-01 
3.98350E+03 -9.86991E-02 
3.98425E+03 -1.02461E-01 
3.98500E+03 -3.60638E-01 
3.98575E+03 -4.69387E-01 
3.98650E+03 -8.63525E-02 
3.98725E+03 3.65329E-01 
3.98800E+03 1.48248E-01 
3.98875E+03 -2.43723E-01 
3.98950E+03 -9.61652E-02 
3.99025E+03 -2.08089E-03 
3.99100E+03 -1.02688E-01 
3.99175E+03 -2.20983E-01 
3.99250E+03 -3.43379E-01 
3.99325E+03 -8.15540E-02 
3.99400E+03 2.32822E-01 
3.99475E+03 2.42578E-02 
3.99550E+03 -2.35961E-01 
3.99625E+03 8.22630E-02 
3.99700E+03 3.34870E-01 
3.99775E+03 2.25886E-01 
3.99850E+03 -1.06209E-01 
3.99925E+03 -1.81342E-01 
4.00000E+03 1.40722E-02 
4.00075E+03 -2.84587E-03 
4.00150E+03 7.77687E-02 
4.00225E+03 -2.54257E-01 
4.00300E+03 4.12943E-03 
4.00375E+03 1.91124E-01 
4.00450E+03 2.88802E-01 
4.00525E+03 1.51373E-01 
4.00600E+03 -1.79523E-01 
4.00675E+03 -8.55222E-02 
4.00750E+03 3.28136E-01 
4.00825E+03 1.30748E-01 
4.00900E+03 -2.37815E-01 
4.00975E+03 -6.73412E-02 
4.01050E+03 6.45907E-02 
4.01125E+03 1.57459E-01 
4.01200E+03 -8.95094E-02 
4.01275E+03 -1.72907E-01 
4.01350E+03 1.79390E-01 
4.01425E+03 1.91740E-01 
4.01500E+03 -1.18945E-01 
4.01575E+03 -9.37241E-02 
4.01650E+03 2.57369E-02 
4.01725E+03 5.51273E-02 
4.01800E+03 -1.37739E-01 
4.01875E+03 -5.84123E-02 
4.01950E+03 -1.27690E-01 
4.02025E+03 -8.54569E-03 
4.02100E+03 5.35974E-03 
4.02175E+03 1.63466E-01 
4.02250E+03 1.37791E-02 
4.02325E+03 1.64524E-01 
4.02400E+03 1.52740E-01 
4.02475E+03 -2.30914E-01 
4.02550E+03 -1.69458E-01 
4.02625E+03 1.26296E-02 
4.02700E+03 3.30632E-01 
4.02775E+03 1.58627E-01 
4.02850E+03 1.54264E-01 
4.02925E+03 1.64895E-01 
4.03000E+03 2.40553E-01 
4.03075E+03 2.49653E-01 
4.03150E+03 -3.93869E-01 
4.03225E+03 -3.85846E-01 
4.03300E+03 -2.30692E-02 
4.03375E+03 2.00995E-01 
4.03450E+03 2.75600E-02 
4.03525E+03 -2.34837E-01 
4.03600E+03 -5.21480E-03 
4.03675E+03 2.51301E-01 
4.03750E+03 3.46174E-01 
4.03825E+03 -1.00968E-01 
4.03900E+03 7.42940E-03 
4.03975E+03 4.03642E-01 
4.04050E+03 5.74730E-01 
4.04125E+03 3.25953E-01 
4.04200E+03 -1.88083E-01 
4.04275E+03 -7.21225E-02 
4.04350E+03 7.01844E-02 
4.04425E+03 1.22809E-01 
4.04500E+03 -2.02008E-01 
4.04575E+03 -1.21467E-01 
4.04650E+03 1.07180E-01 
4.04725E+03 4.67741E-01 
4.04800E+03 1.62126E-01 
4.04875E+03 7.90834E-02 
4.04950E+03 1.76208E-01 
4.05025E+03 1.64956E-01 
4.05100E+03 3.29048E-01 
4.05175E+03 -1.92900E-01 
4.05250E+03 -7.21191E-02 
4.05325E+03 2.04886E-01 
4.05400E+03 3.99579E-01 
4.05475E+03 9.61358E-04 
4.05550E+03 -3.45779E-01 
4.05625E+03 6.28430E-03 
4.05700E+03 3.03156E-01 
4.05775E+03 2.99296E-02 
4.05850E+03 -1.99610E-01 
4.05925E+03 -3.47923E-01 
4.06000E+03 -1.21577E-01 
4.06075E+03 2.33736E-01 
4.06150E+03 1.75201E-01 
4.06225E+03 -3.34108E-02 
4.06300E+03 1.42263E-01 
4.06375E+03 2.62548E-01 
4.06450E+03 1.03860E-01 
4.06525E+03 -1.95638E-01 
4.06600E+03 -3.76288E-01 
4.06675E+03 -2.09587E-01 
4.06750E+03 -2.47126E-01 
4.06825E+03 -5.27140E-01 
4.06900E+03 -2.27558E-01 
4.06975E+03 -1.93650E-01 
4.07050E+03 -9.99936E-02 
4.07125E+03 -9.78360E-02 
4.07200E+03 1.79618E-02 
4.07275E+03 -1.40534E-01 
4.07350E+03 3.85946E-02 
4.07425E+03 3.76410E-02 
4.07500E+03 -1.34084E-01 
4.07575E+03 -1.61426E-01 
4.07650E+03 5.80005E-02 
4.07725E+03 2.52077E-01 
4.07800E+03 -1.66004E-02 
4.07875E+03 -1.45682E-01 
4.07950E+03 1.28281E-01 
4.08025E+03 7.95787E-02 
4.08100E+03 1.35768E-02 
4.08175E+03 5.81419E-02 
4.08250E+03 1.94530E-01 
4.08325E+03 2.64597E-01 
4.08400E+03 1.01105E-01 
4.08475E+03 3.60009E-02 
4.08550E+03 3.74032E-04 
4.08625E+03 -7.43492E-02 
4.08700E+03 1.81099E-01 
4.08775E+03 2.67087E-02 
4.08850E+03 -1.66234E-01 
4.08925E+03 8.23745E-02 
4.09000E+03 2.30268E-01 
4.09075E+03 2.36529E-01 
4.09150E+03 -1.41841E-01 
4.09225E+03 -1.18104E-01 
4.09300E+03 -1.40982E-02 
4.09375E+03 -1.03934E-01 
4.09450E+03 -2.78923E-01 
4.09525E+03 -1.36662E-01 
4.09600E+03 -3.30661E-02 
4.09675E+03 3.41042E-01 
4.09750E+03 1.64684E-01 
4.09825E+03 3.37003E-02 
4.09900E+03 -3.01489E-02 
4.09975E+03 6.92154E-02 
4.10050E+03 1.52784E-01 
4.10125E+03 -1.16221E-01 
4.10200E+03 2.76829E-01 
4.10275E+03 1.00907E+00 
4.10350E+03 9.82621E-01 
4.10425E+03 2.23145E-01 
4.10500E+03 1.14295E-01 
4.10575E+03 3.00799E-02 
4.10650E+03 4.72886E-01 
4.10725E+03 4.93783E-01 
4.10800E+03 1.15017E-01 
4.10875E+03 -1.70491E-01 
4.10950E+03 -1.87958E-02 
4.11025E+03 1.17901E-01 
4.11100E+03 -4.26393E-02 
4.11175E+03 -3.07618E-01 
4.11250E+03 -2.18929E-01 
4.11325E+03 1.02648E-01 
4.11400E+03 1.81642E-01 
4.11475E+03 5.42577E-02 
4.11550E+03 -9.25508E-02 
4.11625E+03 3.08701E-01 
4.11700E+03 3.78826E-01 
4.11775E+03 1.66736E-01 
4.11850E+03 -2.51779E-01 
4.11925E+03 -2.58599E-01 
4.12000E+03 -4.96807E-02 
4.12075E+03 5.29949E-02 
4.12150E+03 4.40424E-03 
4.12225E+03 9.96535E-02 
4.12300E+03 6.93823E-02 
4.12375E+03 3.66385E-01 
4.12450E+03 4.28341E-01 
4.12525E+03 7.57886E-02 
4.12600E+03 1.10205E-01 
4.12675E+03 2.20787E-01 
4.12750E+03 3.73264E-01 
4.12825E+03 6.39419E-02 
4.12900E+03 -1.99175E-01 
4.12975E+03 -8.32843E-02 
4.13050E+03 2.13398E-01 
4.13125E+03 3.02229E-01 
4.13200E+03 -9.39222E-02 
4.13275E+03 1.16610E-01 
4.13350E+03 2.73268E-01 
4.13425E+03 3.28207E-01 
4.13500E+03 3.88983E-01 
4.13575E+03 2.11112E-01 
4.13650E+03 -1.68073E-02 
4.13725E+03 2.74313E-02 
4.13800E+03 -7.01673E-02 
4.13875E+03 -1.70494E-01 
4.13950E+03 -5.98809E-02 
4.14025E+03 2.77253E-01 
4.14100E+03 1.18073E-01 
4.14175E+03 1.39373E-01 
4.14250E+03 4.48273E-02 
4.14325E+03 1.24097E-01 
4.14400E+03 2.12652E-01 
4.14475E+03 -5.40913E-02 
4.14550E+03 -1.42358E-01 
4.14625E+03 6.14947E-02 
4.14700E+03 -1.28463E-01 
4.14775E+03 -3.02391E-01 
4.14850E+03 -6.97694E-02 
4.14925E+03 1.79430E-01 
4.15000E+03 4.28313E-01 
4.15075E+03 4.55006E-02 
4.15150E+03 -1.87183E-01 
4.15225E+03 -1.29665E-02 
4.15300E+03 3.77447E-01 
4.15375E+03 1.78364E-01 
4.15450E+03 3.76157E-03 
4.15525E+03 -1.64986E-01 
4.15600E+03 2.58434E-02 
4.15675E+03 3.49873E-01 
4.15750E+03 8.41237E-02 
4.15825E+03 2.30608E-01 
4.15900E+03 2.16926E-01 
4.15975E+03 2.17257E-01 
4.16050E+03 1.03527E-01 
4.16125E+03 -1.20609E-01 
4.16200E+03 -1.01557E-01 
4.16275E+03 -9.53615E-02 
4.16350E+03 1.59246E-01 
4.16425E+03 -4.45034E-02 
4.16500E+03 -9.02479E-02 
4.16575E+03 -1.38677E-01 
4.16650E+03 1.64065E-01 
4.16725E+03 1.26878E-01 
4.16800E+03 3.52950E-02 
4.16875E+03 -1.71762E-02 
4.16950E+03 8.43089E-02 
4.17025E+03 2.25208E-01 
4.17100E+03 3.59499E-03 
4.17175E+03 -3.29261E-01 
4.17250E+03 -1.31156E-01 
4.17325E+03 2.58555E-01 
4.17400E+03 1.71313E-01 
4.17475E+03 -6.50283E-02 
4.17550E+03 9.44825E-02 
4.17625E+03 1.11866E-01 
4.17700E+03 3.86658E-01 
4.17775E+03 -6.65325E-02 
4.17850E+03 -2.10004E-01 
4.17925E+03 -2.67882E-01 
4.18000E+03 -1.47860E-01 
4.18075E+03 -1.48632E-01 
4.18150E+03 -1.65475E-01 
4.18225E+03 -8.72401E-03 
4.18300E+03 2.27198E-01 
4.18375E+03 2.96074E-01 
4.18450E+03 2.14684E-01 
4.18525E+03 2.10443E-03 
4.18600E+03 5.53289E-02 
4.18675E+03 1.49127E-01 
4.18750E+03 5.70951E-02 
4.18825E+03 3.92106E-02 
4.18900E+03 -8.83586E-02 
4.18975E+03 -1.13408E-01 
4.19050E+03 1.13866E-01 
4.19125E+03 -3.95838E-02 
4.19200E+03 4.03607E-02 
4.19275E+03 -1.52716E-01 
4.19350E+03 1.38646E-01 
4.19425E+03 7.42796E-02 
4.19500E+03 4.92188E-02 
4.19575E+03 -5.00445E-02 
4.19650E+03 1.56570E-01 
4.19725E+03 -2.19755E-01 
4.19800E+03 -2.10090E-01 
4.19875E+03 -1.94196E-01 
4.19950E+03 -6.69793E-02 
4.20025E+03 -1.43066E-01 
4.20100E+03 -2.58413E-01 
4.20175E+03 -6.39268E-02 
4.20250E+03 -9.20621E-02 
4.20325E+03 5.84302E-02 
4.20400E+03 1.20548E-02 
4.20475E+03 -1.84463E-01 
4.20550E+03 -3.77408E-02 
4.20625E+03 7.71652E-02 
4.20700E+03 2.61314E-01 
4.20775E+03 1.69033E-01 
4.20850E+03 6.38351E-02 
4.20925E+03 2.38958E-01 
4.21000E+03 2.44256E-01 
4.21075E+03 1.05127E-01 
4.21150E+03 -8.23695E-02 
4.21225E+03 -8.79614E-02 
4.21300E+03 6.92472E-02 
4.21375E+03 1.91238E-01 
4.21450E+03 4.57143E-03 
4.21525E+03 -5.75194E-02 
4.21600E+03 9.91775E-02 
4.21675E+03 6.82916E-02 
4.21750E+03 -1.77912E-01 
4.21825E+03 -2.81911E-01 
4.21900E+03 -3.05358E-01 
4.21975E+03 2.98850E-02 
4.22050E+03 -2.03053E-02 
4.22125E+03 -1.12983E-01 
4.22200E+03 -8.67292E-02 
4.22275E+03 -2.96893E-02 
4.22350E+03 -6.23798E-02 
4.22425E+03 -1.48359E-01 
4.22500E+03 -3.71323E-03 
4.22575E+03 2.73601E-02 
4.22650E+03 8.71888E-02 
4.22725E+03 -3.56489E-02 
4.22800E+03 2.79942E-03 
4.22875E+03 -8.43362E-02 
4.22950E+03 8.44348E-03 
4.23025E+03 -2.74602E-02 
4.23100E+03 -1.72858E-01 
4.23175E+03 -2.32676E-01 
4.23250E+03 -2.19134E-02 
4.23325E+03 4.88907E-02 
4.23400E+03 5.83153E-02 
4.23475E+03 8.33462E-02 
4.23550E+03 1.34028E-01 
4.23625E+03 2.37589E-01 
4.23700E+03 7.68484E-02 
4.23775E+03 -2.04107E-01 
4.23850E+03 -2.84826E-01 
4.23925E+03 7.91624E-02 
4.24000E+03 6.07977E-02 
4.24075E+03 7.15020E-02 
4.24150E+03 5.77032E-02 
4.24225E+03 1.22997E-02 
4.24300E+03 2.27048E-01 
4.24375E+03 9.95223E-02 
4.24450E+03 8.68077E-02 
4.24525E+03 2.93595E-01 
4.24600E+03 4.28871E-02 
4.24675E+03 3.14183E-02 
4.24750E+03 2.08947E-02 
4.24825E+03 -4.05253E-02 
4.24900E+03 6.41643E-02 
4.24975E+03 3.34389E-01 
4.25050E+03 3.77368E-01 
4.25125E+03 6.94771E-02 
4.25200E+03 8.80673E-02 
4.25275E+03 9.18110E-02 
4.25350E+03 2.73939E-01 
4.25425E+03 8.75554E-02 
4.25500E+03 1.44812E-01 
4.25575E+03 8.09553E-02 
4.25650E+03 -1.46422E-01 
4.25725E+03 -5.54137E-02 
4.25800E+03 -2.93772E-01 
4.25875E+03 -1.80764E-01 
4.25950E+03 2.17593E-01 
4.26025E+03 2.18302E-01 
4.26100E+03 -7.02162E-02 
4.26175E+03 -1.46433E-01 
4.26250E+03 3.05398E-01 
4.26325E+03 3.77105E-01 
4.26400E+03 -1.31695E-02 
4.26475E+03 -1.45767E-01 
4.26550E+03 -7.11516E-02 
4.26625E+03 1.29179E-02 
4.26700E+03 -1.97920E-01 
4.26775E+03 -1.79839E-01 
4.26850E+03 -6.34797E-02 
4.26925E+03 -1.96095E-01 
4.27000E+03 -1.99770E-02 
4.27075E+03 -2.51691E-02 
4.27150E+03 2.83474E-02 
4.27225E+03 5.39139E-02 
4.27300E+03 6.79991E-02 
4.27375E+03 -6.76200E-02 
4.27450E+03 -1.82318E-01 
4.27525E+03 -2.66784E-01 
4.27600E+03 5.89617E-02 
4.27675E+03 1.34561E-01 
4.27750E+03 1.57275E-02 
4.27825E+03 -7.56334E-02 
4.27900E+03 1.58561E-01 
4.27975E+03 2.28696E-01 
4.28050E+03 2.67969E-02 
4.28125E+03 4.70062E-02 
4.28200E+03 -7.31304E-02 
4.28275E+03 -4.21899E-03 
4.28350E+03 -6.16888E-02 
4.28425E+03 -1.13742E-01 
4.28500E+03 -1.24343E-01 
4.28575E+03 5.65055E-02 
4.28650E+03 7.43116E-02 
4.28725E+03 -8.24506E-03 
4.28800E+03 -5.31352E-02 
4.28875E+03 4.63429E-02 
4.28950E+03 5.86329E-02 
4.29025E+03 1.45672E-02 
4.29100E+03 -3.22034E-02 
4.29175E+03 -2.41820E-01 
4.29250E+03 -8.43269E-02 
4.29325E+03 1.04118E-01 
4.29400E+03 1.27816E-01 
4.29475E+03 5.17393E-02 
4.29550E+03 -4.65765E-02 
4.29625E+03 2.49640E-01 
4.29700E+03 1.05991E-01 
4.29775E+03 -2.52005E-01 
4.29850E+03 -2.45011E-01 
4.29925E+03 -1.39880E-01 
4.30000E+03 -1.97372E-01 
4.30075E+03 -3.68782E-02 
4.30150E+03 -4.33082E-02 
4.30225E+03 4.47961E-02 
4.30300E+03 1.68288E-01 
4.30375E+03 1.69009E-01 
4.30450E+03 -1.43937E-01 
4.30525E+03 -1.40560E-01 
4.30600E+03 -7.14968E-02 
4.30675E+03 4.11923E-02 
4.30750E+03 3.01726E-02 
4.30825E+03 -9.94540E-02 
4.30900E+03 -5.36675E-02 
4.30975E+03 -2.75931E-02 
4.31050E+03 -1.42107E-01 
4.31125E+03 -1.41784E-01 
4.31200E+03 2.59263E-02 
4.31275E+03 4.19173E-01 
4.31350E+03 2.01392E-01 
4.31425E+03 8.10010E-02 
4.31500E+03 7.98932E-02 
4.31575E+03 1.33599E-01 
4.31650E+03 1.36305E-01 
4.31725E+03 5.31987E-02 
4.31800E+03 -5.19727E-02 
4.31875E+03 -3.20144E-02 
4.31950E+03 -6.06544E-02 
4.32025E+03 -1.37809E-01 
4.32100E+03 5.43584E-02 
4.32175E+03 2.64730E-01 
4.32250E+03 2.73101E-01 
4.32325E+03 1.58758E-01 
4.32400E+03 1.03459E-01 
4.32475E+03 -4.01422E-02 
4.32550E+03 7.65516E-03 
4.32625E+03 -1.11495E-01 
4.32700E+03 -1.21806E-01 
4.32775E+03 -1.86295E-01 
4.32850E+03 -5.61695E-02 
4.32925E+03 2.17978E-01 
4.33000E+03 1.37211E-01 
4.33075E+03 1.82456E-01 
4.33150E+03 2.23992E-01 
4.33225E+03 7.81611E-03 
4.33300E+03 1.08875E-01 
4.33375E+03 -2.64696E-02 
4.33450E+03 -4.88091E-02 
4.33525E+03 -1.17940E-01 
4.33600E+03 1.67224E-02 
4.33675E+03 4.29632E-02 
4.33750E+03 2.96802E-02 
4.33825E+03 -8.06037E-02 
4.33900E+03 5.15104E-02 
4.33975E+03 2.55253E-01 
4.34050E+03 7.39724E-01 
4.34125E+03 1.80838E+00 
4.34200E+03 2.19399E+00 
4.34275E+03 1.28483E+00 
4.34350E+03 3.76473E-01 
4.34425E+03 -6.88343E-03 
4.34500E+03 -2.91517E-01 
4.34575E+03 -5.94913E-02 
4.34650E+03 1.09956E-01 
4.34725E+03 5.53920E-02 
4.34800E+03 -3.35400E-02 
4.34875E+03 5.30372E-02 
4.34950E+03 1.09324E-01 
4.35025E+03 1.19812E-01 
4.35100E+03 -8.99539E-02 
4.35175E+03 -5.82937E-02 
4.35250E+03 6.01114E-02 
4.35325E+03 -1.16016E-01 
4.35400E+03 -1.78336E-03 
4.35475E+03 1.32741E-01 
4.35550E+03 1.94884E-01 
4.35625E+03 1.01043E-01 
4.35700E+03 5.40259E-02 
4.35775E+03 1.78645E-02 
4.35850E+03 1.05987E-01 
4.35925E+03 2.25476E-01 
4.36000E+03 2.60622E-01 
4.36075E+03 2.01339E-01 
4.36150E+03 1.83118E-02 
4.36225E+03 6.92604E-02 
4.36300E+03 1.29743E-01 
4.36375E+03 1.64258E-01 
4.36450E+03 9.48502E-02 
4.36525E+03 2.83272E-02 
4.36600E+03 2.00801E-02 
4.36675E+03 1.06502E-01 
4.36750E+03 5.81705E-02 
4.36825E+03 4.01668E-02 
4.36900E+03 1.05320E-01 
4.36975E+03 2.21075E-01 
4.37050E+03 -4.41694E-03 
4.37125E+03 1.10562E-01 
4.37200E+03 8.19694E-02 
4.37275E+03 3.28914E-01 
4.37350E+03 2.95550E-01 
4.37425E+03 5.28481E-02 
4.37500E+03 8.09830E-02 
4.37575E+03 1.84454E-01 
4.37650E+03 1.16999E-01 
4.37725E+03 -2.61302E-01 
4.37800E+03 -2.99414E-02 
4.37875E+03 2.71980E-02 
4.37950E+03 -4.65072E-02 
4.38025E+03 1.13174E-01 
4.38100E+03 2.65111E-01 
4.38175E+03 -3.58787E-02 
4.38250E+03 1.52651E-01 
4.38325E+03 4.67746E-02 
4.38400E+03 -4.10708E-02 
4.38475E+03 -9.20302E-02 
4.38550E+03 -3.78786E-02 
4.38625E+03 2.50367E-05 
4.38700E+03 -1.62731E-01 
4.38775E+03 -1.84882E-01 
4.38850E+03 1.99695E-02 
4.38925E+03 6.24333E-02 
4.39000E+03 3.45107E-02 
4.39075E+03 1.74028E-02 
4.39150E+03 -8.95702E-02 
4.39225E+03 -8.26963E-02 
4.39300E+03 -6.82174E-02 
4.39375E+03 -1.29270E-02 
4.39450E+03 -3.22611E-01 
4.39525E+03 -1.83057E-01 
4.39600E+03 -1.75861E-01 
4.39675E+03 4.79547E-02 
4.39750E+03 2.02513E-03 
4.39825E+03 6.44779E-02 
4.39900E+03 1.50908E-01 
4.39975E+03 1.40242E-01 
4.40050E+03 1.31394E-01 
4.40125E+03 -1.38016E-02 
4.40200E+03 -2.82510E-02 
4.40275E+03 -2.08542E-01 
4.40350E+03 1.77690E-01 
4.40425E+03 4.41958E-02 
4.40500E+03 -5.06327E-02 
4.40575E+03 -2.88615E-02 
4.40650E+03 1.85937E-01 
4.40725E+03 1.85608E-01 
4.40800E+03 1.40218E-01 
4.40875E+03 9.64734E-02 
4.40950E+03 5.06597E-02 
4.41025E+03 5.19130E-02 
4.41100E+03 9.13652E-02 
4.41175E+03 -1.17605E-01 
4.41250E+03 5.34895E-02 
4.41325E+03 8.17235E-02 
4.41400E+03 1.29847E-01 
4.41475E+03 1.22492E-01 
4.41550E+03 7.63039E-02 
4.41625E+03 -3.52859E-02 
4.41700E+03 -6.92950E-04 
4.41775E+03 6.88979E-02 
4.41850E+03 -5.59057E-02 
4.41925E+03 3.99487E-02 
4.42000E+03 -1.57224E-01 
4.42075E+03 -8.07882E-02 
4.42150E+03 6.51107E-02 
4.42225E+03 2.03814E-01 
4.42300E+03 2.23014E-01 
4.42375E+03 1.94784E-01 
4.42450E+03 2.04957E-01 
4.42525E+03 7.96651E-02 
4.42600E+03 2.32632E-03 
4.42675E+03 4.61189E-02 
4.42750E+03 -1.80870E-01 
4.42825E+03 -9.01231E-02 
4.42900E+03 -4.56691E-02 
4.42975E+03 -1.04883E-01 
4.43050E+03 -2.06254E-01 
4.43125E+03 -1.35881E-02 
4.43200E+03 2.11870E-01 
4.43275E+03 1.05203E-01 
4.43350E+03 -5.74314E-02 
4.43425E+03 -6.20420E-02 
4.43500E+03 1.88004E-01 
4.43575E+03 1.52952E-01 
4.43650E+03 -5.23490E-02 
4.43725E+03 -7.10582E-02 
4.43800E+03 9.98087E-02 
4.43875E+03 7.10348E-02 
4.43950E+03 -1.53897E-01 
4.44025E+03 3.99663E-02 
4.44100E+03 1.52978E-01 
4.44175E+03 3.13481E-01 
4.44250E+03 2.11961E-01 
4.44325E+03 -1.90304E-02 
4.44400E+03 -1.58714E-01 
4.44475E+03 -6.29852E-02 
4.44550E+03 -6.20289E-02 
4.44625E+03 -2.43275E-02 
4.44700E+03 1.58966E-01 
4.44775E+03 1.49638E-01 
4.44850E+03 1.78864E-01 
4.44925E+03 2.89026E-01 
4.45000E+03 1.33526E-01 
4.45075E+03 1.26862E-01 
4.45150E+03 -9.56203E-02 
4.45225E+03 -3.25313E-02 
4.45300E+03 -3.99608E-02 
4.45375E+03 -1.94534E-01 
4.45450E+03 -1.21062E-01 
4.45525E+03 -1.65098E-01 
4.45600E+03 8.99248E-02 
4.45675E+03 1.54009E-01 
4.45750E+03 2.04044E-02 
4.45825E+03 1.65102E-02 
4.45900E+03 1.66068E-01 
4.45975E+03 3.01555E-01 
4.46050E+03 1.05179E-01 
4.46125E+03 8.37959E-02 
4.46200E+03 2.00049E-01 
4.46275E+03 1.68562E-02 
4.46350E+03 -1.64497E-02 
4.46425E+03 -2.05594E-01 
4.46500E+03 -1.96929E-01 
4.46575E+03 -1.02872E-01 
4.46650E+03 -6.51148E-02 
4.46725E+03 8.01364E-02 
4.46800E+03 1.56243E-01 
4.46875E+03 3.81933E-02 
4.46950E+03 9.13660E-02 
4.47025E+03 1.17704E-02 
4.47100E+03 -1.51467E-01 
4.47175E+03 1.35382E-01 
4.47250E+03 3.16981E-01 
4.47325E+03 5.21901E-01 
4.47400E+03 2.38623E-01 
4.47475E+03 8.02485E-02 
4.47550E+03 2.10102E-01 
4.47625E+03 2.92945E-01 
4.47700E+03 1.75640E-01 
4.47775E+03 2.22101E-01 
4.47850E+03 2.94612E-02 
4.47925E+03 6.84868E-02 
4.48000E+03 -5.24969E-03 
4.48075E+03 7.51495E-02 
4.48150E+03 -1.13012E-01 
4.48225E+03 4.72847E-02 
4.48300E+03 1.04460E-01 
4.48375E+03 4.10604E-02 
4.48450E+03 1.73395E-01 
4.48525E+03 7.70050E-02 
4.48600E+03 1.06931E-02 
4.48675E+03 2.77149E-01 
4.48750E+03 2.24110E-01 
4.48825E+03 1.95753E-01 
4.48900E+03 2.45423E-01 
4.48975E+03 1.43176E-01 
4.49050E+03 1.29322E-01 
4.49125E+03 2.32180E-01 
4.49200E+03 2.43309E-01 
4.49275E+03 1.02928E-01 
4.49350E+03 1.11605E-01 
4.49425E+03 4.24188E-02 
4.49500E+03 2.05256E-01 
4.49575E+03 1.31313E-01 
4.49650E+03 4.09407E-02 
4.49725E+03 -2.64261E-01 
4.49800E+03 -8.76171E-02 
4.49875E+03 1.81406E-01 
4.49950E+03 9.25917E-02 
4.50025E+03 9.17950E-02 
4.50100E+03 -8.77848E-02 
4.50175E+03 2.94330E-02 
4.50250E+03 1.06636E-01 
4.50325E+03 -1.17792E-02 
4.50400E+03 8.46379E-02 
4.50475E+03 -5.87130E-02 
4.50550E+03 -8.40685E-02 
4.50625E+03 4.61366E-02 
4.50700E+03 -3.70343E-02 
4.50775E+03 -3.39741E-02 
4.50850E+03 -1.15318E-01 
4.50925E+03 1.01588E-01 
4.51000E+03 2.21394E-01 
4.51075E+03 2.87654E-03 
4.51150E+03 -5.03397E-03 
4.51225E+03 -6.09063E-02 
4.51300E+03 9.80728E-02 
4.51375E+03 -6.99715E-02 
4.51450E+03 -2.64695E-01 
4.51525E+03 -5.80732E-02 
4.51600E+03 1.57505E-01 
4.51675E+03 -1.84612E-02 
4.51750E+03 -6.86747E-02 
4.51825E+03 7.06984E-02 
4.51900E+03 1.06881E-01 
4.51975E+03 1.93402E-01 
4.52050E+03 1.01509E-01 
4.52125E+03 3.38106E-02 
4.52200E+03 -1.69189E-01 
4.52275E+03 -1.51853E-01 
4.52350E+03 9.61961E-02 
4.52425E+03 -3.40688E-02 
4.52500E+03 -1.66418E-01 
4.52575E+03 -7.94977E-02 
4.52650E+03 2.16487E-01 
4.52725E+03 1.42163E-01 
4.52800E+03 7.11356E-02 
4.52875E+03 8.19211E-02 
4.52950E+03 1.00077E-01 
4.53025E+03 3.85942E-02 
4.53100E+03 4.75821E-02 
4.53175E+03 8.71665E-02 
4.53250E+03 -2.50464E-02 
4.53325E+03 8.00068E-02 
4.53400E+03 2.43225E-01 
4.53475E+03 1.99172E-01 
4.53550E+03 2.26833E-01 
4.53625E+03 1.00613E-01 
4.53700E+03 -2.03216E-02 
4.53775E+03 1.14322E-02 
4.53850E+03 1.91525E-01 
4.53925E+03 -1.43564E-02 
4.54000E+03 -3.22970E-01 
4.54075E+03 -9.27022E-02 
4.54150E+03 -5.09186E-02 
4.54225E+03 7.18618E-02 
4.54300E+03 -3.96625E-04 
4.54375E+03 9.16641E-02 
4.54450E+03 2.65605E-01 
4.54525E+03 2.04055E-01 
4.54600E+03 4.32397E-02 
4.54675E+03 -2.29078E-01 
4.54750E+03 -7.53627E-02 
4.54825E+03 4.23998E-01 
4.54900E+03 3.74596E-01 
4.54975E+03 -1.42344E-02 
4.55050E+03 -2.54679E-01 
4.55125E+03 5.20017E-02 
4.55200E+03 4.20797E-01 
4.55275E+03 1.87663E-01 
4.55350E+03 -4.03135E-02 
4.55425E+03 1.27315E-01 
4.55500E+03 1.97043E-01 
4.55575E+03 1.26301E-01 
4.55650E+03 5.69631E-02 
4.55725E+03 -1.20148E-01 
4.55800E+03 1.43035E-01 
4.55875E+03 1.52581E-01 
4.55950E+03 1.14616E-01 
4.56025E+03 1.73519E-01 
4.56100E+03 4.09447E-02 
4.56175E+03 3.16140E-01 
4.56250E+03 3.37616E-01 
4.56325E+03 2.42640E-01 
4.56400E+03 1.39176E-01 
4.56475E+03 4.18176E-02 
4.56550E+03 6.27760E-02 
4.56625E+03 -1.55213E-02 
4.56700E+03 5.35719E-02 
4.56775E+03 1.37684E-01 
4.56850E+03 2.06232E-01 
4.56925E+03 2.41425E-01 
4.57000E+03 3.34550E-01 
4.57075E+03 1.56450E-01 
4.57150E+03 1.99403E-01 
4.57225E+03 2.34620E-01 
4.57300E+03 2.30677E-01 
4.57375E+03 6.17686E-02 
4.57450E+03 3.29183E-02 
4.57525E+03 1.86186E-01 
4.57600E+03 2.59554E-01 
4.57675E+03 3.82302E-01 
4.57750E+03 3.49044E-01 
4.57825E+03 2.65518E-01 
4.57900E+03 2.07140E-01 
4.57975E+03 2.23067E-01 
4.58050E+03 6.49581E-02 
4.58125E+03 7.77041E-02 
4.58200E+03 2.61516E-01 
4.58275E+03 1.90796E-01 
4.58350E+03 4.41497E-02 
4.58425E+03 2.22042E-02 
4.58500E+03 1.34260E-02 
4.58575E+03 -5.38646E-02 
4.58650E+03 -7.32964E-02 
4.58725E+03 9.19289E-02 
4.58800E+03 3.95729E-02 
4.58875E+03 -6.58426E-03 
4.58950E+03 2.31061E-02 
4.59025E+03 1.70674E-01 
4.59100E+03 7.36734E-02 
4.59175E+03 1.03483E-01 
4.59250E+03 7.75679E-02 
4.59325E+03 -9.60742E-02 
4.59400E+03 2.82180E-02 
4.59475E+03 1.37042E-01 
4.59550E+03 1.51648E-01 
4.59625E+03 1.04189E-01 
4.59700E+03 1.31509E-01 
4.59775E+03 1.61068E-01 
4.59850E+03 1.80546E-01 
4.59925E+03 1.16018E-01 
4.60000E+03 -1.91122E-04 
4.60075E+03 8.45733E-02 
4.60150E+03 1.04639E-01 
4.60225E+03 -2.62115E-02 
4.60300E+03 1.59276E-01 
4.60375E+03 3.72056E-02 
4.60450E+03 2.98617E-01 
4.60525E+03 3.28847E-01 
4.60600E+03 2.51689E-01 
4.60675E+03 -8.68514E-02 
4.60750E+03 1.35770E-01 
4.60825E+03 3.36385E-01 
4.60900E+03 1.87298E-01 
4.60975E+03 6.58112E-03 
4.61050E+03 4.82241E-02 
4.61125E+03 5.08637E-02 
4.61200E+03 6.25073E-02 
4.61275E+03 1.50796E-02 
4.61350E+03 -1.29452E-01 
4.61425E+03 -8.13176E-02 
4.61500E+03 7.32717E-02 
4.61575E+03 -1.78003E-02 
4.61650E+03 2.69953E-03 
4.61725E+03 -3.97701E-02 
4.61800E+03 1.94327E-01 
4.61875E+03 5.64463E-02 
4.61950E+03 1.78810E-01 
4.62025E+03 -3.58562E-02 
4.62100E+03 -2.04098E-03 
4.62175E+03 2.54751E-01 
4.62250E+03 2.85812E-01 
4.62325E+03 2.42903E-01 
4.62400E+03 3.43897E-01 
4.62475E+03 3.18674E-01 
4.62550E+03 1.67302E-01 
4.62625E+03 1.11399E-01 
4.62700E+03 -6.49571E-02 
4.62775E+03 -3.29848E-01 
4.62850E+03 -1.38759E-01 
4.62925E+03 1.11664E-02 
4.63000E+03 2.01001E-01 
4.63075E+03 5.35230E-02 
4.63150E+03 9.03235E-02 
4.63225E+03 9.11803E-02 
4.63300E+03 7.95114E-02 
4.63375E+03 -5.03147E-02 
4.63450E+03 -3.88405E-02 
4.63525E+03 7.76422E-02 
4.63600E+03 1.02533E-01 
4.63675E+03 2.30561E-01 
4.63750E+03 -1.20849E-01 
4.63825E+03 -1.96290E-02 
4.63900E+03 1.99004E-01 
4.63975E+03 4.75635E-02 
4.64050E+03 1.68461E-01 
4.64125E+03 2.20351E-01 
4.64200E+03 2.23612E-01 
4.64275E+03 8.02984E-02 
4.64350E+03 1.27818E-01 
4.64425E+03 -3.23675E-02 
4.64500E+03 -1.71830E-01 
4.64575E+03 -8.90867E-02 
4.64650E+03 -1.98612E-01 
4.64725E+03 -1.97969E-01 
4.64800E+03 -1.11364E-01 
4.64875E+03 1.64029E-02 
4.64950E+03 1.14448E-01 
4.65025E+03 2.66699E-01 
4.65100E+03 2.32971E-01 
4.65175E+03 9.64724E-02 
4.65250E+03 7.17798E-02 
4.65325E+03 1.54561E-01 
4.65400E+03 2.53147E-01 
4.65475E+03 2.09388E-01 
4.65550E+03 1.47124E-01 
4.65625E+03 -6.26921E-02 
4.65700E+03 -1.17321E-01 
4.65775E+03 -3.09482E-02 
4.65850E+03 2.58681E-01 
4.65925E+03 2.64547E-01 
4.66000E+03 -3.42585E-02 
4.66075E+03 -3.24840E-02 
4.66150E+03 2.20447E-01 
4.66225E+03 2.90440E-01 
4.66300E+03 -5.96110E-02 
4.66375E+03 -1.89023E-02 
4.66450E+03 1.94027E-01 
4.66525E+03 3.35461E-01 
4.66600E+03 -9.41317E-02 
4.66675E+03 -7.84350E-02 
4.66750E+03 1.82190E-01 
4.66825E+03 1.96199E-01 
4.66900E+03 -4.79850E-03 
4.66975E+03 4.68841E-03 
4.67050E+03 8.70464E-02 
4.67125E+03 1.73493E-01 
4.67200E+03 1.66375E-01 
4.67275E+03 5.55696E-02 
4.67350E+03 5.95855E-02 
4.67425E+03 1.97975E-01 
4.67500E+03 2.22958E-01 
4.67575E+03 6.40888E-03 
4.67650E+03 -2.90610E-02 
4.67725E+03 8.47338E-02 
4.67800E+03 1.62105E-01 
4.67875E+03 2.29421E-01 
4.67950E+03 1.40913E-01 
4.68025E+03 5.42521E-02 
4.68100E+03 4.40519E-02 
4.68175E+03 6.98588E-02 
4.68250E+03 1.52857E-01 
4.68325E+03 1.98231E-01 
4.68400E+03 3.34328E-02 
4.68475E+03 1.91831E-01 
4.68550E+03 3.19711E-01 
4.68625E+03 6.44784E-01 
4.68700E+03 1.07277E+00 
4.68775E+03 8.38182E-01 
4.68850E+03 5.53732E-01 
4.68925E+03 4.47970E-01 
4.69000E+03 2.76703E-01 
4.69075E+03 1.59290E-02 
4.69150E+03 1.35869E-01 
4.69225E+03 2.70219E-01 
4.69300E+03 2.65626E-01 
4.69375E+03 1.32211E-01 
4.69450E+03 9.78120E-02 
4.69525E+03 8.68225E-02 
4.69600E+03 1.95966E-01 
4.69675E+03 1.98600E-01 
4.69750E+03 1.48952E-01 
4.69825E+03 1.67202E-01 
4.69900E+03 1.75313E-01 
4.69975E+03 2.51892E-01 
4.70050E+03 3.06486E-02 
4.70125E+03 8.85684E-03 
4.70200E+03 1.26070E-01 
4.70275E+03 6.83195E-02 
4.70350E+03 1.85833E-01 
4.70425E+03 -1.04983E-02 
4.70500E+03 1.94953E-01 
4.70575E+03 2.34901E-01 
4.70650E+03 4.70309E-02 
4.70725E+03 8.77504E-02 
4.70800E+03 1.74149E-01 
4.70875E+03 4.92219E-02 
4.70950E+03 -2.47709E-02 
4.71025E+03 3.69629E-02 
4.71100E+03 1.70285E-01 
4.71175E+03 1.79731E-01 
4.71250E+03 2.58136E-03 
4.71325E+03 3.01582E-02 
4.71400E+03 -8.30303E-03 
4.71475E+03 1.44627E-01 
4.71550E+03 2.50876E-01 
4.71625E+03 -2.39245E-02 
4.71700E+03 -6.76781E-02 
4.71775E+03 1.17109E-01 
4.71850E+03 2.63499E-01 
4.71925E+03 -1.86858E-01 
4.72000E+03 -1.65499E-02 
4.72075E+03 1.23206E-01 
4.72150E+03 1.93563E-01 
4.72225E+03 1.90978E-01 
4.72300E+03 7.14255E-02 
4.72375E+03 -8.02436E-02 
4.72450E+03 5.53999E-03 
4.72525E+03 6.22288E-02 
4.72600E+03 1.43813E-01 
4.72675E+03 -1.10961E-01 
4.72750E+03 6.68361E-02 
4.72825E+03 1.93857E-01 
4.72900E+03 1.03504E-03 
4.72975E+03 -5.29616E-02 
4.73050E+03 1.19834E-01 
4.73125E+03 1.34348E-01 
4.73200E+03 1.55829E-01 
4.73275E+03 -1.27392E-01 
4.73350E+03 -1.64250E-01 
4.73425E+03 -4.54871E-02 
4.73500E+03 3.61635E-02 
4.73575E+03 2.38798E-01 
4.73650E+03 3.83247E-01 
4.73725E+03 -1.14390E-02 
4.73800E+03 2.17011E-02 
4.73875E+03 2.51455E-01 
4.73950E+03 3.55121E-01 
4.74025E+03 -8.85276E-03 
4.74100E+03 1.38787E-01 
4.74175E+03 3.79649E-01 
4.74250E+03 4.05483E-01 
4.74325E+03 2.17873E-01 
4.74400E+03 -5.95046E-03 
4.74475E+03 9.65204E-02 
4.74550E+03 2.80911E-01 
4.74625E+03 2.25460E-01 
4.74700E+03 1.01194E-01 
4.74775E+03 4.74880E-03 
4.74850E+03 7.16989E-02 
4.74925E+03 1.99123E-01 
4.75000E+03 2.08701E-01 
4.75075E+03 1.50606E-01 
4.75150E+03 2.89365E-02 
4.75225E+03 1.58864E-01 
4.75300E+03 1.77791E-01 
4.75375E+03 -2.34585E-02 
4.75450E+03 -7.63650E-02 
4.75525E+03 9.50658E-02 
4.75600E+03 2.56937E-01 
4.75675E+03 2.64697E-01 
4.75750E+03 1.30658E-01 
4.75825E+03 -2.59538E-02 
4.75900E+03 6.70950E-02 
4.75975E+03 3.92648E-02 
4.76050E+03 2.15496E-01 
4.76125E+03 3.24527E-02 
4.76200E+03 1.17531E-01 
4.76275E+03 2.09847E-01 
4.76350E+03 1.92038E-01 
4.76425E+03 3.30333E-02 
4.76500E+03 1.05836E-01 
4.76575E+03 2.95438E-01 
4.76650E+03 6.34224E-03 
4.76725E+03 2.05617E-01 
4.76800E+03 1.60387E-01 
4.76875E+03 1.78436E-01 
4.76950E+03 2.72046E-01 
4.77025E+03 -4.18156E-02 
4.77100E+03 1.54318E-01 
4.77175E+03 2.15997E-01 
4.77250E+03 1.69530E-01 
4.77325E+03 4.14709E-02 
4.77400E+03 3.40712E-01 
4.77475E+03 4.16194E-01 
4.77550E+03 3.20269E-01 
4.77625E+03 1.29999E-01 
4.77700E+03 -2.65718E-02 
4.77775E+03 1.43229E-01 
4.77850E+03 -7.68912E-02 
4.77925E+03 8.24845E-02 
4.78000E+03 -8.95469E-02 
4.78075E+03 -6.22639E-02 
4.78150E+03 2.89209E-01 
4.78225E+03 2.00534E-01 
4.78300E+03 5.10404E-02 
4.78375E+03 1.66231E-01 
4.78450E+03 1.78783E-01 
4.78525E+03 1.63438E-01 
4.78600E+03 -1.07255E-01 
4.78675E+03 -7.45133E-02 
4.78750E+03 -4.15064E-02 
4.78825E+03 1.42241E-01 
4.78900E+03 2.09426E-01 
4.78975E+03 6.07845E-02 
4.79050E+03 -3.07431E-02 
4.79125E+03 2.97455E-02 
4.79200E+03 3.15295E-02 
4.79275E+03 1.19731E-01 
4.79350E+03 -6.61592E-02 
4.79425E+03 3.83888E-02 
4.79500E+03 -4.32256E-02 
4.79575E+03 1.92253E-01 
4.79650E+03 -3.55009E-02 
4.79725E+03 1.71513E-01 
4.79800E+03 7.66200E-02 
4.79875E+03 1.58328E-01 
4.79950E+03 2.80552E-01 
4.80025E+03 1.50668E-01 
4.80100E+03 -2.74627E-02 
4.80175E+03 1.54456E-01 
4.80250E+03 2.60250E-01 
4.80325E+03 1.03240E-01 
4.80400E+03 -1.12997E-01 
4.80475E+03 4.93937E-02 
4.80550E+03 1.15150E-01 
4.80625E+03 1.15568E-01 
4.80700E+03 7.60822E-03 
4.80775E+03 -1.79302E-01 
4.80850E+03 -1.30477E-01 
4.80925E+03 -3.13858E-02 
4.81000E+03 2.88362E-02 
4.81075E+03 -1.69181E-02 
4.81150E+03 1.17879E-01 
4.81225E+03 1.66698E-01 
4.81300E+03 1.23840E-01 
4.81375E+03 1.79269E-01 
4.81450E+03 5.93824E-02 
4.81525E+03 1.18130E-01 
4.81600E+03 6.91113E-02 
4.81675E+03 1.23120E-01 
4.81750E+03 1.01243E-01 
4.81825E+03 2.34774E-01 
4.81900E+03 3.11124E-01 
4.81975E+03 1.67404E-01 
4.82050E+03 -4.77212E-03 
4.82125E+03 -9.67388E-02 
4.82200E+03 3.20933E-02 
4.82275E+03 6.59376E-02 
4.82350E+03 1.14159E-01 
4.82425E+03 3.25351E-01 
4.82500E+03 5.02262E-01 
4.82575E+03 2.99580E-01 
4.82650E+03 1.28215E-01 
4.82725E+03 -6.46007E-02 
4.82800E+03 2.21681E-01 
4.82875E+03 4.49537E-02 
4.82950E+03 -1.47466E-01 
4.83025E+03 4.72697E-02 
4.83100E+03 1.50234E-01 
4.83175E+03 8.68559E-02 
4.83250E+03 1.71719E-01 
4.83325E+03 1.23353E-01 
4.83400E+03 7.37832E-02 
4.83475E+03 2.93703E-01 
4.83550E+03 1.98753E-01 
4.83625E+03 -2.44393E-01 
4.83700E+03 -7.67971E-02 
4.83775E+03 1.11652E-01 
4.83850E+03 2.49418E-01 
4.83925E+03 1.02795E-01 
4.84000E+03 1.55227E-01 
4.84075E+03 2.59638E-01 
4.84150E+03 2.69303E-01 
4.84225E+03 2.96726E-01 
4.84300E+03 2.45480E-01 
4.84375E+03 7.82164E-02 
4.84450E+03 1.48309E-01 
4.84525E+03 1.99960E-01 
4.84600E+03 9.15366E-03 
4.84675E+03 -2.59374E-01 
4.84750E+03 -5.00846E-02 
4.84825E+03 8.23403E-02 
4.84900E+03 2.41679E-01 
4.84975E+03 1.13449E-01 
4.85050E+03 8.02645E-02 
4.85125E+03 9.57782E-02 
4.85200E+03 1.59234E-01 
4.85275E+03 1.81180E-01 
4.85350E+03 3.32438E-02 
4.85425E+03 -1.23994E-01 
4.85500E+03 4.34187E-02 
4.85575E+03 9.40229E-02 
4.85650E+03 2.84964E-01 
4.85725E+03 1.87144E-01 
4.85800E+03 2.52049E-01 
4.85875E+03 4.47773E-01 
4.85950E+03 2.78007E-01 
4.86025E+03 1.38232E-01 
4.86100E+03 5.52083E-01 
4.86175E+03 2.41397E+00 
4.86250E+03 5.85402E+00 
4.86325E+03 6.11020E+00 
4.86400E+03 3.29696E+00 
4.86475E+03 1.56540E+00 
4.86550E+03 6.78518E-01 
4.86625E+03 2.68356E-01 
4.86700E+03 5.46931E-02 
4.86775E+03 1.33164E-01 
4.86850E+03 2.10008E-01 
4.86925E+03 2.15971E-01 
4.87000E+03 2.39349E-01 
4.87075E+03 1.30207E-01 
4.87150E+03 1.45492E-01 
4.87225E+03 1.87033E-01 
4.87300E+03 1.34442E-01 
4.87375E+03 -2.25788E-02 
4.87450E+03 2.07303E-01 
4.87525E+03 3.64586E-01 
4.87600E+03 8.35356E-02 
4.87675E+03 8.87689E-02 
4.87750E+03 2.12171E-02 
4.87825E+03 5.69603E-02 
4.87900E+03 1.72155E-01 
4.87975E+03 2.28615E-01 
4.88050E+03 1.43646E-01 
4.88125E+03 2.08261E-01 
4.88200E+03 3.24777E-01 
4.88275E+03 7.14619E-02 
4.88350E+03 -3.26370E-02 
4.88425E+03 7.18966E-02 
4.88500E+03 2.65411E-01 
4.88575E+03 2.53238E-02 
4.88650E+03 -3.38575E-02 
4.88725E+03 -1.51099E-02 
4.88800E+03 2.74563E-01 
4.88875E+03 3.61021E-01 
4.88950E+03 2.66193E-01 
4.89025E+03 3.31264E-01 
4.89100E+03 2.50652E-01 
4.89175E+03 5.05527E-01 
4.89250E+03 2.28120E-01 
4.89325E+03 1.03766E-01 
4.89400E+03 3.40119E-01 
4.89475E+03 3.21530E-01 
4.89550E+03 1.90041E-01 
4.89625E+03 3.64230E-02 
4.89700E+03 -7.05835E-02 
4.89775E+03 -1.17840E-01 
4.89850E+03 -6.03533E-02 
4.89925E+03 -1.17210E-02 
4.90000E+03 -1.47585E-01 
4.90075E+03 1.05622E-01 
4.90150E+03 2.50827E-01 
4.90225E+03 5.22171E-01 
4.90300E+03 3.21512E-01 
4.90375E+03 2.62435E-01 
4.90450E+03 3.41525E-01 
4.90525E+03 2.99526E-01 
4.90600E+03 2.69590E-01 
4.90675E+03 1.90580E-01 
4.90750E+03 1.81703E-01 
4.90825E+03 1.86507E-01 
4.90900E+03 2.14538E-01 
4.90975E+03 2.82386E-01 
4.91050E+03 7.68488E-02 
4.91125E+03 8.41380E-02 
4.91200E+03 3.03840E-01 
4.91275E+03 4.73305E-01 
4.91350E+03 2.83242E-01 
4.91425E+03 3.67835E-01 
4.91500E+03 3.04841E-01 
4.91575E+03 2.33861E-01 
4.91650E+03 1.65506E-01 
4.91725E+03 -6.05486E-02 
4.91800E+03 2.15770E-01 
4.91875E+03 2.04796E-01 
4.91950E+03 8.12403E-02 
4.92025E+03 5.60353E-03 
4.92100E+03 1.32363E-01 
4.92175E+03 -6.33103E-02 
4.92250E+03 3.03334E-01 
4.92325E+03 3.40656E-01 
4.92400E+03 -3.82139E-02 
4.92475E+03 1.27220E-01 
4.92550E+03 2.43983E-01 
4.92625E+03 1.41985E-01 
4.92700E+03 1.95089E-02 
4.92775E+03 -7.83945E-02 
4.92850E+03 1.95616E-02 
4.92925E+03 8.93577E-02 
4.93000E+03 7.12485E-02 
4.93075E+03 1.87607E-01 
4.93150E+03 1.71518E-01 
4.93225E+03 4.18231E-01 
4.93300E+03 3.31240E-01 
4.93375E+03 3.04946E-01 
4.93450E+03 1.73781E-01 
4.93525E+03 2.93487E-01 
4.93600E+03 1.75307E-01 
4.93675E+03 1.11272E-01 
4.93750E+03 9.74905E-02 
4.93825E+03 2.89896E-01 
4.93900E+03 1.97110E-01 
4.93975E+03 7.66045E-02 
4.94050E+03 7.35041E-02 
4.94125E+03 2.39443E-01 
4.94200E+03 2.13005E-01 
4.94275E+03 1.58091E-01 
4.94350E+03 1.21505E-01 
4.94425E+03 4.56175E-01 
4.94500E+03 -1.36699E-01 
4.94575E+03 -6.80413E-01 
4.94650E+03 -3.25274E-01 
4.94725E+03 -6.39244E-02 
4.94800E+03 2.70227E-01 
4.94875E+03 7.01137E-02 
4.94950E+03 1.49403E-01 
4.95025E+03 1.91763E-01 
4.95100E+03 2.47154E-01 
4.95175E+03 2.94924E-01 
4.95250E+03 1.96471E-01 
4.95325E+03 1.07685E-01 
4.95400E+03 2.57953E-01 
4.95475E+03 1.85520E-01 
4.95550E+03 3.28512E-01 
4.95625E+03 1.32243E-02 
4.95700E+03 7.55458E-02 
4.95775E+03 1.63285E-01 
4.95850E+03 3.65099E-01 
4.95925E+03 1.33035E+00 
4.96000E+03 3.79408E+00 
4.96075E+03 4.39512E+00 
4.96150E+03 2.70058E+00 
4.96225E+03 1.34828E+00 
4.96300E+03 6.58177E-01 
4.96375E+03 1.87361E-01 
4.96450E+03 1.77901E-01 
4.96525E+03 1.98948E-01 
4.96600E+03 3.18579E-01 
4.96675E+03 1.60325E-01 
4.96750E+03 7.39849E-02 
4.96825E+03 2.14803E-01 
4.96900E+03 3.92394E-01 
4.96975E+03 3.19901E-01 
4.97050E+03 1.76365E-01 
4.97125E+03 2.76476E-01 
4.97200E+03 1.50389E-01 
4.97275E+03 2.51801E-01 
4.97350E+03 1.88957E-01 
4.97425E+03 4.45276E-02 
4.97500E+03 7.68111E-02 
4.97575E+03 3.20978E-01 
4.97650E+03 3.52715E-01 
4.97725E+03 5.09899E-02 
4.97800E+03 2.86475E-01 
4.97875E+03 3.49684E-01 
4.97950E+03 2.97002E-01 
4.98025E+03 1.01498E-01 
4.98100E+03 1.68247E-01 
4.98175E+03 2.96915E-01 
4.98250E+03 2.47269E-01 
4.98325E+03 6.74099E-02 
4.98400E+03 1.20047E-01 
4.98475E+03 8.12882E-02 
4.98550E+03 2.32718E-01 
4.98625E+03 1.36347E-01 
4.98700E+03 -1.31883E-02 
4.98775E+03 5.99119E-02 
4.98850E+03 1.43400E-01 
4.98925E+03 3.04311E-01 
4.99000E+03 1.89777E-01 
4.99075E+03 1.54582E-01 
4.99150E+03 2.03876E-01 
4.99225E+03 2.08966E-01 
4.99300E+03 8.98464E-02 
4.99375E+03 1.80489E-01 
4.99450E+03 3.26769E-01 
4.99525E+03 2.54324E-01 
4.99600E+03 2.80137E-01 
4.99675E+03 2.69924E-01 
4.99750E+03 3.08987E-01 
4.99825E+03 2.99893E-01 
4.99900E+03 2.41461E-01 
4.99975E+03 1.82511E-01 
5.00050E+03 2.58997E-01 
5.00125E+03 3.40753E-01 
5.00200E+03 2.26627E-01 
5.00275E+03 3.26682E-01 
5.00350E+03 3.00303E-01 
5.00425E+03 4.46105E-01 
5.00500E+03 5.33343E-01 
5.00575E+03 6.23094E-01 
5.00650E+03 1.31271E+00 
5.00725E+03 5.20269E+00 
5.00800E+03 1.19797E+01 
5.00875E+03 1.17713E+01 
5.00950E+03 6.21019E+00 
5.01025E+03 2.74517E+00 
5.01100E+03 1.16208E+00 
5.01175E+03 7.96830E-01 
5.01250E+03 6.42598E-01 
5.01325E+03 2.29446E-01 
5.01400E+03 1.86493E-01 
5.01475E+03 2.90526E-01 
5.01550E+03 4.01136E-01 
5.01625E+03 2.88836E-01 
5.01700E+03 3.19487E-01 
5.01775E+03 4.45091E-01 
5.01850E+03 3.73970E-01 
5.01925E+03 2.69699E-01 
5.02000E+03 9.41076E-02 
5.02075E+03 2.05496E-01 
5.02150E+03 1.70810E-01 
5.02225E+03 4.14481E-01 
5.02300E+03 1.79762E-01 
5.02375E+03 -4.33602E-04 
5.02450E+03 3.13803E-01 
5.02525E+03 2.13988E-01 
5.02600E+03 1.20261E-01 
5.02675E+03 -8.22510E-02 
5.02750E+03 6.92321E-02 
5.02825E+03 2.18483E-01 
5.02900E+03 2.68356E-01 
5.02975E+03 2.62612E-01 
5.03050E+03 2.96874E-02 
5.03125E+03 2.56668E-01 
5.03200E+03 2.84557E-01 
5.03275E+03 2.28778E-01 
5.03350E+03 6.20640E-02 
5.03425E+03 -2.43626E-02 
5.03500E+03 1.97825E-01 
5.03575E+03 -2.34435E-02 
5.03650E+03 -1.10504E-01 
5.03725E+03 2.70558E-01 
5.03800E+03 1.77405E-01 
5.03875E+03 4.08089E-01 
5.03950E+03 3.21444E-01 
5.04025E+03 -8.93099E-02 
5.04100E+03 -1.30989E-01 
5.04175E+03 -2.70171E-01 
5.04250E+03 -4.35864E-02 
5.04325E+03 -2.61621E-01 
5.04400E+03 -2.14511E-01 
5.04475E+03 -2.39311E-02 
5.04550E+03 3.93837E-03 
5.04625E+03 -4.35263E-02 
5.04700E+03 1.12857E-02 
5.04775E+03 5.24750E-02 
5.04850E+03 1.23186E-03 
5.04925E+03 1.28229E-01 
5.05000E+03 1.59108E-01 
5.05075E+03 1.65127E-01 
5.05150E+03 5.45187E-02 
5.05225E+03 3.11072E-01 
5.05300E+03 1.46584E-01 
5.05375E+03 3.47413E-02 
5.05450E+03 8.07436E-03 
5.05525E+03 -2.04298E-01 
5.05600E+03 1.23171E-01 
5.05675E+03 1.44351E-01 
5.05750E+03 3.36210E-01 
5.05825E+03 3.42054E-01 
5.05900E+03 -2.06566E-02 
5.05975E+03 -1.70616E-01 
5.06050E+03 2.95230E-03 
5.06125E+03 3.80467E-01 
5.06200E+03 5.44047E-02 
5.06275E+03 -3.77791E-01 
5.06350E+03 -3.92423E-01 
5.06425E+03 -1.58239E-01 
5.06500E+03 -1.01475E-01 
5.06575E+03 -6.50779E-02 
5.06650E+03 5.69333E-02 
5.06725E+03 3.95773E-02 
5.06800E+03 2.19077E-01 
5.06875E+03 2.50659E-01 
5.06950E+03 -2.25220E-01 
5.07025E+03 -1.54320E-01 
5.07100E+03 1.83010E-01 
5.07175E+03 2.12568E-01 
5.07250E+03 -3.55490E-01 
5.07325E+03 -3.28210E-01 
5.07400E+03 -5.29316E-01 
5.07475E+03 -3.67722E-01 
5.07550E+03 -1.57350E-01 
5.07625E+03 6.80497E-02 
5.07700E+03 1.26157E-01 
5.07775E+03 4.65011E-02 
5.07850E+03 -2.52061E-02 
5.07925E+03 -2.58371E-01 
5.08000E+03 1.36680E-01 
5.08075E+03 -7.72590E-02 
5.08150E+03 1.58638E-01 
5.08225E+03 -1.39234E-02 
5.08300E+03 -3.54793E-02 
5.08375E+03 1.21873E-01 
5.08450E+03 4.91331E-01 
5.08525E+03 4.59310E-01 
5.08600E+03 -3.89718E-01 
5.08675E+03 -1.28384E-02 
5.08750E+03 1.07882E+00 
5.08825E+03 8.66049E-01 
5.08900E+03 -1.15887E-01 
5.08975E+03 -3.31066E-01 
5.09050E+03 -2.37920E-01 
5.09125E+03 -1.04346E+00 
5.09200E+03 -6.45565E-01 
5.09275E+03 -5.80314E-01 
5.09350E+03 -3.32305E-01 
5.09425E+03 6.17310E-01 
5.09500E+03 5.06883E-01 
5.09575E+03 -3.01903E-01 
5.09650E+03 -1.56853E-01 
5.09725E+03 6.52130E-01 
5.09800E+03 5.95872E-01 
5.09875E+03 3.43956E-01 
5.09950E+03 3.88647E-01 
5.10025E+03 2.52963E-01 
5.10100E+03 -1.02367E-01 
5.10175E+03 -6.43843E-01 
5.10250E+03 -2.53643E-01 
5.10325E+03 -8.89648E-01 
5.10400E+03 -3.10299E-01 
5.10475E+03 -6.52104E-01 
5.10550E+03 -9.73377E-03 
5.10625E+03 2.69040E-01 
5.10700E+03 2.77091E-01 
5.10775E+03 -4.90660E-01 
5.10850E+03 1.24045E-02 
5.10925E+03 4.40875E-01 
5.11000E+03 9.75693E-01 
5.11075E+03 1.04325E-01 
5.11150E+03 -9.04855E-01 
5.11225E+03 -1.01113E-01 
5.11300E+03 6.56701E-02 
5.11375E+03 -1.09671E-01 
5.11450E+03 -5.05766E-01 
5.11525E+03 1.04319E-01 
5.11600E+03 2.04507E-02 
5.11675E+03 -4.79914E-01 
5.11750E+03 -7.68885E-01 
5.11825E+03 -1.68272E-01 
5.11900E+03 -1.83795E+00 
5.11975E+03 -2.84199E+00 
5.12050E+03 -1.18054E+00 
5.12125E+03 -2.79296E-01 
5.12200E+03 -6.83073E-01 
5.12275E+03 -7.53891E-01 
5.12350E+03 6.33835E-01 
5.12425E+03 5.40981E-01 
5.12500E+03 6.58911E-01 
5.12575E+03 -8.18420E-02 
5.12650E+03 1.04842E-01 
5.12725E+03 1.17125E-01 
5.12800E+03 -3.66092E-02 
5.12875E+03 -9.44913E-01 
5.12950E+03 -3.40513E-01 
5.13025E+03 1.43760E+00 
5.13100E+03 7.25092E-01 
5.13175E+03 6.76248E-01 
5.13250E+03 3.26143E-01 
5.13325E+03 -1.07237E+00 
5.13400E+03 -4.77556E-01 
5.13475E+03 -3.38653E-01 
5.13550E+03 -1.01381E+00 
5.13625E+03 -2.41707E+00 
5.13700E+03 1.96743E+00 
5.13775E+03 3.43840E+00 
5.13850E+03 -1.07777E-01 
5.13925E+03 4.50121E-01 
5.14000E+03 4.22572E-01 
5.14075E+03 9.57896E-01 
5.14150E+03 -1.84428E+00 
5.14225E+03 -3.43063E+00 
5.14300E+03 3.87084E-01 
5.14375E+03 2.29281E-01 
5.14450E+03 -2.58878E+00 
5.14525E+03 -2.15605E+00 
5.14600E+03 -3.10259E+00 
5.14675E+03 -1.76359E+00 
5.14750E+03 2.69556E+00 
5.14825E+03 4.15176E-01 
5.14900E+03 -3.88204E-01 
5.14975E+03 -7.82502E-01 
5.15050E+03 0.00000E+00 
5.15125E+03 0.00000E+00 
5.15200E+03 0.00000E+00 
5.15275E+03 0.00000E+00 
5.15350E+03 0.00000E+00 
5.15425E+03 0.00000E+00 
5.15500E+03 0.00000E+00 
5.15575E+03 0.00000E+00 
5.15650E+03 0.00000E+00 
5.15725E+03 0.00000E+00 
5.15800E+03 0.00000E+00 
5.15875E+03 0.00000E+00 
5.15950E+03 0.00000E+00 
5.16025E+03 0.00000E+00 
5.16100E+03 0.00000E+00 
5.16175E+03 0.00000E+00 
5.16250E+03 0.00000E+00 
5.16325E+03 0.00000E+00 
5.16400E+03 0.00000E+00 
5.16475E+03 0.00000E+00 
5.16550E+03 0.00000E+00 
5.16625E+03 0.00000E+00 
5.16700E+03 0.00000E+00 
5.16775E+03 0.00000E+00 
5.16850E+03 0.00000E+00 
5.16925E+03 0.00000E+00 
5.17000E+03 0.00000E+00 
5.17075E+03 0.00000E+00 
5.17150E+03 0.00000E+00 
5.17225E+03 0.00000E+00 
5.17300E+03 0.00000E+00 
5.17375E+03 0.00000E+00 
5.17450E+03 0.00000E+00 
5.17525E+03 0.00000E+00 
5.17600E+03 0.00000E+00 
5.17675E+03 0.00000E+00 
5.17750E+03 0.00000E+00 
5.17825E+03 0.00000E+00 
5.17900E+03 0.00000E+00 
5.17975E+03 0.00000E+00 
5.18050E+03 0.00000E+00 
5.18125E+03 0.00000E+00 
5.18200E+03 0.00000E+00 
5.18275E+03 0.00000E+00 
5.18350E+03 0.00000E+00 
5.18425E+03 0.00000E+00 
5.18500E+03 0.00000E+00 
5.18575E+03 0.00000E+00 
5.18650E+03 0.00000E+00 
5.18725E+03 0.00000E+00 
5.18800E+03 0.00000E+00 
5.18875E+03 0.00000E+00 
5.18950E+03 0.00000E+00 
5.19025E+03 0.00000E+00 
5.19100E+03 0.00000E+00 
5.19175E+03 0.00000E+00 
5.19250E+03 0.00000E+00 
5.19325E+03 0.00000E+00 
5.19400E+03 0.00000E+00 
5.19475E+03 0.00000E+00 
5.19550E+03 0.00000E+00 
5.19625E+03 0.00000E+00 
5.19700E+03 0.00000E+00 
5.19775E+03 0.00000E+00 
5.19850E+03 0.00000E+00 
5.19925E+03 0.00000E+00 
