5.18153E+03 0.00000E+00 
5.18299E+03 1.35506E-03 
5.18446E+03 1.35233E-03 
5.18592E+03 1.16761E-03 
5.18738E+03 8.08387E-04 
5.18884E+03 1.91641E-03 
5.19031E+03 1.24291E-03 
5.19177E+03 1.02689E-03 
5.19323E+03 3.13397E-03 
5.19470E+03 7.12362E-02 
5.19616E+03 8.45412E-02 
5.19762E+03 8.56853E-02 
5.19909E+03 7.84496E-02 
5.20055E+03 7.15677E-02 
5.20201E+03 6.61482E-02 
5.20347E+03 6.27729E-02 
5.20494E+03 6.23651E-02 
5.20640E+03 6.32731E-02 
5.20786E+03 6.42557E-02 
5.20933E+03 6.21980E-02 
5.21079E+03 6.19124E-02 
5.21225E+03 6.01122E-02 
5.21371E+03 6.16519E-02 
5.21518E+03 6.07991E-02 
5.21664E+03 5.98011E-02 
5.21810E+03 6.13100E-02 
5.21957E+03 5.84789E-02 
5.22103E+03 5.72300E-02 
5.22249E+03 5.56342E-02 
5.22396E+03 5.81714E-02 
5.22542E+03 5.57171E-02 
5.22688E+03 5.63464E-02 
5.22834E+03 5.59114E-02 
5.22981E+03 5.61254E-02 
5.23127E+03 5.55756E-02 
5.23273E+03 5.63922E-02 
5.23420E+03 5.39539E-02 
5.23566E+03 5.27694E-02 
5.23712E+03 5.41877E-02 
5.23858E+03 5.32030E-02 
5.24005E+03 5.38294E-02 
5.24151E+03 5.15434E-02 
5.24297E+03 5.15938E-02 
5.24444E+03 5.08967E-02 
5.24590E+03 5.12212E-02 
5.24736E+03 5.26831E-02 
5.24883E+03 5.16970E-02 
5.25029E+03 5.15058E-02 
5.25175E+03 5.13511E-02 
5.25321E+03 5.19914E-02 
5.25468E+03 5.27609E-02 
5.25614E+03 5.26721E-02 
5.25760E+03 5.14865E-02 
5.25907E+03 5.13807E-02 
5.26053E+03 5.08121E-02 
5.26199E+03 4.99626E-02 
5.26346E+03 5.09452E-02 
5.26492E+03 5.29183E-02 
5.26638E+03 5.34347E-02 
5.26784E+03 6.87294E-02 
5.26931E+03 7.33759E-02 
5.27077E+03 5.93532E-02 
5.27223E+03 5.35084E-02 
5.27370E+03 5.40149E-02 
5.27516E+03 5.27675E-02 
5.27662E+03 5.33966E-02 
5.27808E+03 5.15810E-02 
5.27955E+03 5.33967E-02 
5.28101E+03 5.45261E-02 
5.28247E+03 5.45650E-02 
5.28394E+03 5.51060E-02 
5.28540E+03 5.73029E-02 
5.28686E+03 6.05473E-02 
5.28833E+03 5.64133E-02 
5.28979E+03 5.60783E-02 
5.29125E+03 5.75003E-02 
5.29271E+03 5.69740E-02 
5.29418E+03 5.71611E-02 
5.29564E+03 5.74747E-02 
5.29710E+03 5.90990E-02 
5.29857E+03 5.98542E-02 
5.30003E+03 5.98674E-02 
5.30149E+03 5.89620E-02 
5.30296E+03 5.89461E-02 
5.30442E+03 6.01905E-02 
5.30588E+03 6.06025E-02 
5.30734E+03 6.14677E-02 
5.30881E+03 6.20913E-02 
5.31027E+03 6.07459E-02 
5.31173E+03 6.26459E-02 
5.31320E+03 6.32923E-02 
5.31466E+03 6.46675E-02 
5.31612E+03 6.58003E-02 
5.31758E+03 6.47731E-02 
5.31905E+03 6.50464E-02 
5.32051E+03 6.56935E-02 
5.32197E+03 6.44493E-02 
5.32344E+03 6.54885E-02 
5.32490E+03 6.61460E-02 
5.32636E+03 6.70464E-02 
5.32783E+03 6.69253E-02 
5.32929E+03 6.77718E-02 
5.33075E+03 6.82710E-02 
5.33221E+03 6.79403E-02 
5.33368E+03 6.82915E-02 
5.33514E+03 6.75904E-02 
5.33660E+03 6.83328E-02 
5.33807E+03 6.96830E-02 
5.33953E+03 7.38619E-02 
5.34099E+03 8.05379E-02 
5.34245E+03 7.54798E-02 
5.34392E+03 7.34749E-02 
5.34538E+03 7.31716E-02 
5.34684E+03 6.97704E-02 
5.34831E+03 7.08247E-02 
5.34977E+03 6.98821E-02 
5.35123E+03 6.87898E-02 
5.35270E+03 7.11226E-02 
5.35416E+03 7.29164E-02 
5.35562E+03 7.19909E-02 
5.35708E+03 7.31055E-02 
5.35855E+03 7.37290E-02 
5.36001E+03 7.29612E-02 
5.36147E+03 6.87599E-02 
5.36294E+03 6.95666E-02 
5.36440E+03 6.96955E-02 
5.36586E+03 7.25320E-02 
5.36732E+03 7.13753E-02 
5.36879E+03 7.13498E-02 
5.37025E+03 7.00130E-02 
5.37171E+03 6.77186E-02 
5.37318E+03 6.89084E-02 
5.37464E+03 7.19309E-02 
5.37610E+03 7.02270E-02 
5.37757E+03 6.66915E-02 
5.37903E+03 6.73010E-02 
5.38049E+03 6.76830E-02 
5.38195E+03 6.51401E-02 
5.38342E+03 6.45135E-02 
5.38488E+03 6.57997E-02 
5.38634E+03 6.50287E-02 
5.38781E+03 6.34940E-02 
5.38927E+03 6.32824E-02 
5.39073E+03 6.35768E-02 
5.39219E+03 6.23943E-02 
5.39366E+03 6.28920E-02 
5.39512E+03 6.22819E-02 
5.39658E+03 6.16526E-02 
5.39805E+03 5.96318E-02 
5.39951E+03 6.01133E-02 
5.40097E+03 6.07612E-02 
5.40244E+03 6.13051E-02 
5.40390E+03 6.14558E-02 
5.40536E+03 6.06888E-02 
5.40682E+03 5.95398E-02 
5.40829E+03 6.06511E-02 
5.40975E+03 6.19739E-02 
5.41121E+03 6.08931E-02 
5.41268E+03 5.80528E-02 
5.41414E+03 5.64279E-02 
5.41560E+03 5.63709E-02 
5.41706E+03 5.57134E-02 
5.41853E+03 5.55044E-02 
5.41999E+03 5.63419E-02 
5.42145E+03 5.71700E-02 
5.42292E+03 5.75947E-02 
5.42438E+03 5.81318E-02 
5.42584E+03 5.37400E-02 
5.42731E+03 5.37775E-02 
5.42877E+03 5.49796E-02 
5.43023E+03 5.56542E-02 
5.43169E+03 5.37444E-02 
5.43316E+03 5.40517E-02 
5.43462E+03 5.40590E-02 
5.43608E+03 5.33692E-02 
5.43755E+03 5.34706E-02 
5.43901E+03 5.36079E-02 
5.44047E+03 5.29055E-02 
5.44194E+03 5.30607E-02 
5.44340E+03 5.19307E-02 
5.44486E+03 5.26321E-02 
5.44632E+03 5.28008E-02 
5.44779E+03 5.37555E-02 
5.44925E+03 5.47055E-02 
5.45071E+03 5.64392E-02 
5.45218E+03 5.57568E-02 
5.45364E+03 5.35376E-02 
5.45510E+03 5.32265E-02 
5.45656E+03 5.25944E-02 
5.45803E+03 5.36417E-02 
5.45949E+03 5.50360E-02 
5.46095E+03 5.42718E-02 
5.46242E+03 5.34250E-02 
5.46388E+03 5.39782E-02 
5.46534E+03 5.36322E-02 
5.46681E+03 5.37972E-02 
5.46827E+03 5.34543E-02 
5.46973E+03 5.47324E-02 
5.47119E+03 5.54885E-02 
5.47266E+03 5.51754E-02 
5.47412E+03 5.47865E-02 
5.47558E+03 5.53985E-02 
5.47705E+03 5.54882E-02 
5.47851E+03 5.70650E-02 
5.47997E+03 5.71126E-02 
5.48143E+03 5.64222E-02 
5.48290E+03 5.59567E-02 
5.48436E+03 5.71372E-02 
5.48582E+03 5.84846E-02 
5.48729E+03 5.86311E-02 
5.48875E+03 5.80178E-02 
5.49021E+03 5.84250E-02 
5.49168E+03 5.73719E-02 
5.49314E+03 6.10192E-02 
5.49460E+03 6.07257E-02 
5.49606E+03 5.94934E-02 
5.49753E+03 5.94152E-02 
5.49899E+03 5.93876E-02 
5.50045E+03 5.87001E-02 
5.50192E+03 5.94133E-02 
5.50338E+03 5.94080E-02 
5.50484E+03 6.11437E-02 
5.50630E+03 6.23644E-02 
5.50777E+03 6.11995E-02 
5.50923E+03 6.13285E-02 
5.51069E+03 6.22064E-02 
5.51216E+03 6.31958E-02 
5.51362E+03 8.20107E-02 
5.51508E+03 1.59193E-01 
5.51655E+03 1.93967E-01 
5.51801E+03 1.13344E-01 
5.51947E+03 6.50269E-02 
5.52093E+03 6.40920E-02 
5.52240E+03 6.43234E-02 
5.52386E+03 6.47856E-02 
5.52532E+03 6.57582E-02 
5.52679E+03 6.45309E-02 
5.52825E+03 6.68654E-02 
5.52971E+03 6.70241E-02 
5.53118E+03 6.91832E-02 
5.53264E+03 7.39781E-02 
5.53410E+03 1.12650E-01 
5.53556E+03 2.30408E-01 
5.53703E+03 2.30817E-01 
5.53849E+03 1.04787E-01 
5.53995E+03 6.64533E-02 
5.54142E+03 6.62529E-02 
5.54288E+03 6.56181E-02 
5.54434E+03 6.47455E-02 
5.54580E+03 6.40999E-02 
5.54727E+03 6.44823E-02 
5.54873E+03 6.55139E-02 
5.55019E+03 6.81944E-02 
5.55166E+03 7.15169E-02 
5.55312E+03 7.04116E-02 
5.55458E+03 7.14678E-02 
5.55605E+03 6.94396E-02 
5.55751E+03 6.65743E-02 
5.55897E+03 6.38889E-02 
5.56043E+03 6.49083E-02 
5.56190E+03 6.37905E-02 
5.56336E+03 6.40933E-02 
5.56482E+03 6.45726E-02 
5.56629E+03 6.51607E-02 
5.56775E+03 6.36122E-02 
5.56921E+03 6.39321E-02 
5.57067E+03 6.42886E-02 
5.57214E+03 6.43116E-02 
5.57360E+03 6.61823E-02 
5.57506E+03 7.01693E-02 
5.57653E+03 6.91886E-02 
5.57799E+03 6.25477E-02 
5.57945E+03 6.66648E-02 
5.58092E+03 6.29058E-02 
5.58238E+03 6.33518E-02 
5.58384E+03 6.20636E-02 
5.58530E+03 6.17557E-02 
5.58677E+03 6.29099E-02 
5.58823E+03 6.73755E-02 
5.58969E+03 6.33744E-02 
5.59116E+03 6.27913E-02 
5.59262E+03 6.20602E-02 
5.59408E+03 6.17493E-02 
5.59554E+03 6.22872E-02 
5.59701E+03 6.20837E-02 
5.59847E+03 6.16673E-02 
5.59993E+03 6.21215E-02 
5.60140E+03 6.23050E-02 
5.60286E+03 6.22438E-02 
5.60432E+03 6.30102E-02 
5.60579E+03 6.21362E-02 
5.60725E+03 6.20316E-02 
5.60871E+03 6.12884E-02 
5.61017E+03 6.12157E-02 
5.61164E+03 6.10065E-02 
5.61310E+03 6.31499E-02 
5.61456E+03 6.24820E-02 
5.61603E+03 6.25836E-02 
5.61749E+03 6.12732E-02 
5.61895E+03 6.05253E-02 
5.62042E+03 6.12716E-02 
5.62188E+03 5.99594E-02 
5.62334E+03 6.02314E-02 
5.62480E+03 6.04105E-02 
5.62627E+03 6.07493E-02 
5.62773E+03 6.02950E-02 
5.62919E+03 5.95952E-02 
5.63066E+03 5.94386E-02 
5.63212E+03 5.99821E-02 
5.63358E+03 6.03196E-02 
5.63504E+03 5.94262E-02 
5.63651E+03 6.07878E-02 
5.63797E+03 6.20696E-02 
5.63943E+03 6.16362E-02 
5.64090E+03 6.16261E-02 
5.64236E+03 6.21040E-02 
5.64382E+03 6.06489E-02 
5.64529E+03 6.07127E-02 
5.64675E+03 6.06226E-02 
5.64821E+03 5.95511E-02 
5.64967E+03 6.01088E-02 
5.65114E+03 5.99421E-02 
5.65260E+03 6.05616E-02 
5.65406E+03 6.01087E-02 
5.65553E+03 6.02110E-02 
5.65699E+03 6.10520E-02 
5.65845E+03 6.08658E-02 
5.65991E+03 6.12807E-02 
5.66138E+03 6.07298E-02 
5.66284E+03 6.54338E-02 
5.66430E+03 7.89332E-02 
5.66577E+03 7.95927E-02 
5.66723E+03 6.45750E-02 
5.66869E+03 6.29527E-02 
5.67016E+03 6.05598E-02 
5.67162E+03 6.13745E-02 
5.67308E+03 6.54270E-02 
5.67454E+03 7.10145E-02 
5.67601E+03 7.56838E-02 
5.67747E+03 1.00391E-01 
5.67893E+03 9.48112E-02 
5.68040E+03 6.50402E-02 
5.68186E+03 6.22224E-02 
5.68332E+03 6.56865E-02 
5.68478E+03 6.71874E-02 
5.68625E+03 6.33588E-02 
5.68771E+03 6.16458E-02 
5.68917E+03 6.09129E-02 
5.69064E+03 6.06860E-02 
5.69210E+03 6.12467E-02 
5.69356E+03 6.10579E-02 
5.69503E+03 6.16082E-02 
5.69649E+03 6.12615E-02 
5.69795E+03 6.03099E-02 
5.69941E+03 6.03855E-02 
5.70088E+03 6.07725E-02 
5.70234E+03 6.01620E-02 
5.70380E+03 6.01490E-02 
5.70527E+03 6.06128E-02 
5.70673E+03 6.23703E-02 
5.70819E+03 6.73315E-02 
5.70965E+03 6.68952E-02 
5.71112E+03 6.27189E-02 
5.71258E+03 6.14031E-02 
5.71404E+03 6.18675E-02 
5.71551E+03 6.07108E-02 
5.71697E+03 6.09968E-02 
5.71843E+03 6.10678E-02 
5.71990E+03 6.11171E-02 
5.72136E+03 6.20396E-02 
5.72282E+03 6.10375E-02 
5.72428E+03 6.07522E-02 
5.72575E+03 6.06939E-02 
5.72721E+03 6.17162E-02 
5.72867E+03 6.11679E-02 
5.73014E+03 6.12345E-02 
5.73160E+03 6.15946E-02 
5.73306E+03 6.16689E-02 
5.73452E+03 6.16608E-02 
5.73599E+03 6.05136E-02 
5.73745E+03 6.27233E-02 
5.73891E+03 6.28372E-02 
5.74038E+03 6.14963E-02 
5.74184E+03 6.18272E-02 
5.74330E+03 6.16768E-02 
5.74477E+03 6.34332E-02 
5.74623E+03 6.28513E-02 
5.74769E+03 6.25101E-02 
5.74915E+03 6.25580E-02 
5.75062E+03 8.03601E-02 
5.75208E+03 2.01016E-01 
5.75354E+03 2.20612E-01 
5.75501E+03 1.01843E-01 
5.75647E+03 6.61640E-02 
5.75793E+03 6.28930E-02 
5.75940E+03 6.25462E-02 
5.76086E+03 6.19181E-02 
5.76232E+03 6.20017E-02 
5.76378E+03 6.23876E-02 
5.76525E+03 6.33914E-02 
5.76671E+03 6.33843E-02 
5.76817E+03 6.34935E-02 
5.76964E+03 6.27522E-02 
5.77110E+03 6.22544E-02 
5.77256E+03 6.24568E-02 
5.77402E+03 6.15209E-02 
5.77549E+03 6.27067E-02 
5.77695E+03 6.26624E-02 
5.77841E+03 6.19714E-02 
5.77988E+03 6.26230E-02 
5.78134E+03 6.30437E-02 
5.78280E+03 6.47561E-02 
5.78427E+03 6.48892E-02 
5.78573E+03 6.44934E-02 
5.78719E+03 6.40058E-02 
5.78865E+03 6.51359E-02 
5.79012E+03 6.62684E-02 
5.79158E+03 6.70377E-02 
5.79304E+03 6.62686E-02 
5.79451E+03 6.68976E-02 
5.79597E+03 6.95625E-02 
5.79743E+03 7.15435E-02 
5.79890E+03 7.73683E-02 
5.80036E+03 7.79053E-02 
5.80182E+03 7.26951E-02 
5.80328E+03 6.96534E-02 
5.80475E+03 7.00458E-02 
5.80621E+03 7.03197E-02 
5.80767E+03 7.03960E-02 
5.80914E+03 7.35522E-02 
5.81060E+03 7.37814E-02 
5.81206E+03 7.11594E-02 
5.81352E+03 6.98458E-02 
5.81499E+03 6.81540E-02 
5.81645E+03 6.68995E-02 
5.81791E+03 6.69978E-02 
5.81938E+03 6.84249E-02 
5.82084E+03 6.68670E-02 
5.82230E+03 6.59226E-02 
5.82377E+03 6.64116E-02 
5.82523E+03 6.65567E-02 
5.82669E+03 8.05013E-02 
5.82815E+03 7.61310E-02 
5.82962E+03 6.72768E-02 
5.83108E+03 6.45567E-02 
5.83254E+03 6.58624E-02 
5.83401E+03 6.55616E-02 
5.83547E+03 6.54588E-02 
5.83693E+03 6.59309E-02 
5.83839E+03 6.59702E-02 
5.83986E+03 6.66699E-02 
5.84132E+03 6.64668E-02 
5.84278E+03 6.65873E-02 
5.84425E+03 6.69179E-02 
5.84571E+03 6.76068E-02 
5.84717E+03 6.76276E-02 
5.84864E+03 6.68595E-02 
5.85010E+03 6.75571E-02 
5.85156E+03 6.62943E-02 
5.85302E+03 6.67652E-02 
5.85449E+03 6.81207E-02 
5.85595E+03 6.81109E-02 
5.85741E+03 6.71254E-02 
5.85888E+03 6.85094E-02 
5.86034E+03 6.94850E-02 
5.86180E+03 6.97721E-02 
5.86326E+03 7.13788E-02 
5.86473E+03 7.50452E-02 
5.86619E+03 7.88427E-02 
5.86765E+03 7.83334E-02 
5.86912E+03 8.01950E-02 
5.87058E+03 1.53282E-01 
5.87204E+03 2.02002E+00 
5.87351E+03 4.19609E+00 
5.87497E+03 3.82207E+00 
5.87643E+03 1.20562E+00 
5.87789E+03 1.40914E-01 
5.87936E+03 8.08741E-02 
5.88082E+03 7.46822E-02 
5.88228E+03 7.21130E-02 
5.88375E+03 7.16449E-02 
5.88521E+03 7.17989E-02 
5.88667E+03 7.98253E-02 
5.88813E+03 8.21800E-02 
5.88960E+03 7.06498E-02 
5.89106E+03 7.21482E-02 
5.89252E+03 7.24506E-02 
5.89399E+03 7.12263E-02 
5.89545E+03 6.18745E-02 
5.89691E+03 6.60878E-02 
5.89838E+03 6.70244E-02 
5.89984E+03 6.50455E-02 
5.90130E+03 6.45870E-02 
5.90276E+03 6.57035E-02 
5.90423E+03 6.71131E-02 
5.90569E+03 6.70232E-02 
5.90715E+03 6.52692E-02 
5.90862E+03 6.38237E-02 
5.91008E+03 6.37842E-02 
5.91154E+03 6.35934E-02 
5.91300E+03 6.47370E-02 
5.91447E+03 6.47943E-02 
5.91593E+03 6.45551E-02 
5.91739E+03 6.29743E-02 
5.91886E+03 6.18110E-02 
5.92032E+03 6.27950E-02 
5.92178E+03 6.32976E-02 
5.92325E+03 6.29757E-02 
5.92471E+03 6.49197E-02 
5.92617E+03 6.74373E-02 
5.92763E+03 6.68815E-02 
5.92910E+03 7.05885E-02 
5.93056E+03 7.22677E-02 
5.93202E+03 6.66507E-02 
5.93349E+03 6.45558E-02 
5.93495E+03 6.32592E-02 
5.93641E+03 6.33579E-02 
5.93788E+03 6.75425E-02 
5.93934E+03 7.40331E-02 
5.94080E+03 7.28875E-02 
5.94226E+03 6.66068E-02 
5.94373E+03 6.38719E-02 
5.94519E+03 6.21050E-02 
5.94665E+03 6.19376E-02 
5.94812E+03 6.23541E-02 
5.94958E+03 6.29504E-02 
5.95104E+03 6.41455E-02 
5.95250E+03 6.38693E-02 
5.95397E+03 6.32458E-02 
5.95543E+03 6.45603E-02 
5.95689E+03 6.38331E-02 
5.95836E+03 6.20449E-02 
5.95982E+03 6.33355E-02 
5.96128E+03 6.39324E-02 
5.96275E+03 6.39350E-02 
5.96421E+03 6.37478E-02 
5.96567E+03 6.33193E-02 
5.96713E+03 6.37402E-02 
5.96860E+03 6.41735E-02 
5.97006E+03 6.38871E-02 
5.97152E+03 6.39967E-02 
5.97299E+03 6.44706E-02 
5.97445E+03 6.41019E-02 
5.97591E+03 6.45791E-02 
5.97738E+03 6.73534E-02 
5.97884E+03 6.62058E-02 
5.98030E+03 6.38315E-02 
5.98176E+03 6.29894E-02 
5.98323E+03 6.24893E-02 
5.98469E+03 6.22367E-02 
5.98615E+03 6.20200E-02 
5.98762E+03 6.30410E-02 
5.98908E+03 6.26986E-02 
5.99054E+03 6.23982E-02 
5.99200E+03 6.27217E-02 
5.99347E+03 6.23922E-02 
5.99493E+03 6.23817E-02 
5.99639E+03 6.27020E-02 
5.99786E+03 6.35028E-02 
5.99932E+03 6.37305E-02 
6.00078E+03 6.22470E-02 
6.00225E+03 6.23098E-02 
6.00371E+03 6.28994E-02 
6.00517E+03 6.27785E-02 
6.00663E+03 6.24237E-02 
6.00810E+03 6.23858E-02 
6.00956E+03 6.21789E-02 
6.01102E+03 6.27580E-02 
6.01249E+03 6.25376E-02 
6.01395E+03 6.23474E-02 
6.01541E+03 6.27896E-02 
6.01687E+03 6.34765E-02 
6.01834E+03 6.30893E-02 
6.01980E+03 6.33659E-02 
6.02126E+03 6.25295E-02 
6.02273E+03 6.24115E-02 
6.02419E+03 6.26397E-02 
6.02565E+03 6.26614E-02 
6.02712E+03 6.25260E-02 
6.02858E+03 6.26277E-02 
6.03004E+03 6.26559E-02 
6.03150E+03 6.35051E-02 
6.03297E+03 6.27423E-02 
6.03443E+03 6.20581E-02 
6.03589E+03 6.23519E-02 
6.03736E+03 6.18178E-02 
6.03882E+03 6.19433E-02 
6.04028E+03 6.31963E-02 
6.04174E+03 6.33096E-02 
6.04321E+03 6.31460E-02 
6.04467E+03 6.36454E-02 
6.04613E+03 6.30212E-02 
6.04760E+03 6.24364E-02 
6.04906E+03 6.24809E-02 
6.05052E+03 6.27628E-02 
6.05199E+03 6.17195E-02 
6.05345E+03 6.29795E-02 
6.05491E+03 6.28953E-02 
6.05637E+03 6.26248E-02 
6.05784E+03 6.31492E-02 
6.05930E+03 6.40068E-02 
6.06076E+03 6.36571E-02 
6.06223E+03 6.31728E-02 
6.06369E+03 6.38626E-02 
6.06515E+03 6.30730E-02 
6.06661E+03 6.27457E-02 
6.06808E+03 6.22910E-02 
6.06954E+03 6.33184E-02 
6.07100E+03 6.41022E-02 
6.07247E+03 6.39295E-02 
6.07393E+03 6.30817E-02 
6.07539E+03 6.22375E-02 
6.07686E+03 6.16774E-02 
6.07832E+03 6.23700E-02 
6.07978E+03 6.20831E-02 
6.08124E+03 6.19047E-02 
6.08271E+03 6.12973E-02 
6.08417E+03 6.08013E-02 
6.08563E+03 6.21531E-02 
6.08710E+03 6.26257E-02 
6.08856E+03 6.24476E-02 
6.09002E+03 6.26687E-02 
6.09148E+03 6.28715E-02 
6.09295E+03 6.28002E-02 
6.09441E+03 6.32490E-02 
6.09587E+03 6.26208E-02 
6.09734E+03 6.26060E-02 
6.09880E+03 6.85707E-02 
6.10026E+03 7.21662E-02 
6.10173E+03 6.56585E-02 
6.10319E+03 6.22810E-02 
6.10465E+03 6.21006E-02 
6.10611E+03 6.18117E-02 
6.10758E+03 6.29172E-02 
6.10904E+03 6.28682E-02 
6.11050E+03 6.27062E-02 
6.11197E+03 6.26358E-02 
6.11343E+03 6.28323E-02 
6.11489E+03 6.33968E-02 
6.11635E+03 6.39889E-02 
6.11782E+03 7.18255E-02 
6.11928E+03 6.88928E-02 
6.12074E+03 6.70199E-02 
6.12221E+03 6.57763E-02 
6.12367E+03 6.34758E-02 
6.12513E+03 6.25701E-02 
6.12660E+03 6.19207E-02 
6.12806E+03 6.28327E-02 
6.12952E+03 6.25242E-02 
6.13098E+03 6.26093E-02 
6.13245E+03 6.18417E-02 
6.13391E+03 6.15350E-02 
6.13537E+03 6.16563E-02 
6.13684E+03 6.25422E-02 
6.13830E+03 6.18386E-02 
6.13976E+03 6.20890E-02 
6.14123E+03 6.24877E-02 
6.14269E+03 6.27069E-02 
6.14415E+03 6.18029E-02 
6.14561E+03 6.27124E-02 
6.14708E+03 6.35425E-02 
6.14854E+03 6.85912E-02 
6.15000E+03 7.07250E-02 
6.15147E+03 6.56040E-02 
6.15293E+03 6.31225E-02 
6.15439E+03 6.29011E-02 
6.15585E+03 6.29767E-02 
6.15732E+03 6.29613E-02 
6.15878E+03 6.27128E-02 
6.16024E+03 6.30889E-02 
6.16171E+03 6.25498E-02 
6.16317E+03 6.25378E-02 
6.16463E+03 6.35719E-02 
6.16610E+03 6.55858E-02 
6.16756E+03 6.56248E-02 
6.16902E+03 6.37646E-02 
6.17048E+03 6.39983E-02 
6.17195E+03 6.39933E-02 
6.17341E+03 6.27611E-02 
6.17487E+03 6.26797E-02 
6.17634E+03 6.23009E-02 
6.17780E+03 6.19879E-02 
6.17926E+03 6.18112E-02 
6.18072E+03 6.40579E-02 
6.18219E+03 6.29637E-02 
6.18365E+03 6.21835E-02 
6.18511E+03 6.16970E-02 
6.18658E+03 6.17046E-02 
6.18804E+03 6.23775E-02 
6.18950E+03 6.25339E-02 
6.19097E+03 6.33774E-02 
6.19243E+03 6.35323E-02 
6.19389E+03 6.33789E-02 
6.19535E+03 6.27893E-02 
6.19682E+03 6.34691E-02 
6.19828E+03 6.27529E-02 
6.19974E+03 6.31241E-02 
