5.18153E+03 0.00000E+00 
5.18299E+03 8.30119E-02 
5.18446E+03 3.83541E-02 
5.18592E+03 1.00352E-01 
5.18738E+03 -3.49154E-02 
5.18884E+03 2.85750E-02 
5.19031E+03 -5.04726E-02 
5.19177E+03 4.72677E-02 
5.19323E+03 4.28644E-03 
5.19470E+03 5.37895E-02 
5.19616E+03 1.04261E-01 
5.19762E+03 1.30056E-01 
5.19909E+03 1.53066E-01 
5.20055E+03 1.25710E-01 
5.20201E+03 1.16944E-01 
5.20347E+03 1.07479E-01 
5.20494E+03 5.38505E-02 
5.20640E+03 1.59258E-01 
5.20786E+03 1.00199E-01 
5.20933E+03 5.18197E-02 
5.21079E+03 3.30528E-03 
5.21225E+03 1.45881E-02 
5.21371E+03 9.02187E-02 
5.21518E+03 8.82118E-02 
5.21664E+03 4.35238E-02 
5.21810E+03 7.20877E-02 
5.21957E+03 1.93464E-02 
5.22103E+03 7.15650E-03 
5.22249E+03 6.20363E-02 
5.22396E+03 6.59373E-02 
5.22542E+03 4.53372E-02 
5.22688E+03 -3.56692E-03 
5.22834E+03 5.54730E-02 
5.22981E+03 7.49560E-02 
5.23127E+03 1.03267E-01 
5.23273E+03 6.39241E-02 
5.23420E+03 2.64246E-02 
5.23566E+03 7.78821E-02 
5.23712E+03 4.09692E-02 
5.23858E+03 2.37797E-04 
5.24005E+03 5.28601E-02 
5.24151E+03 7.72911E-02 
5.24297E+03 9.32047E-02 
5.24444E+03 4.52771E-02 
5.24590E+03 9.17518E-02 
5.24736E+03 9.34412E-02 
5.24883E+03 1.28423E-01 
5.25029E+03 8.79537E-02 
5.25175E+03 6.03878E-02 
5.25321E+03 9.61123E-02 
5.25468E+03 4.16747E-02 
5.25614E+03 4.12873E-02 
5.25760E+03 3.22083E-02 
5.25907E+03 4.61987E-02 
5.26053E+03 4.30306E-02 
5.26199E+03 5.31939E-02 
5.26346E+03 4.06189E-02 
5.26492E+03 9.57019E-02 
5.26638E+03 1.14195E-01 
5.26784E+03 7.86130E-02 
5.26931E+03 6.96283E-02 
5.27077E+03 6.03312E-02 
5.27223E+03 1.34337E-02 
5.27370E+03 5.62334E-02 
5.27516E+03 6.98956E-02 
5.27662E+03 5.63213E-02 
5.27808E+03 8.06106E-02 
5.27955E+03 6.86733E-02 
5.28101E+03 5.74555E-02 
5.28247E+03 7.13775E-02 
5.28394E+03 5.77908E-02 
5.28540E+03 5.92279E-02 
5.28686E+03 4.49220E-02 
5.28833E+03 3.01885E-02 
5.28979E+03 8.17184E-02 
5.29125E+03 8.53207E-02 
5.29271E+03 5.99475E-02 
5.29418E+03 7.53586E-02 
5.29564E+03 1.00575E-01 
5.29710E+03 3.25297E-02 
5.29857E+03 6.68578E-02 
5.30003E+03 5.64617E-02 
5.30149E+03 3.56762E-02 
5.30296E+03 7.25534E-02 
5.30442E+03 7.61631E-02 
5.30588E+03 1.48995E-01 
5.30734E+03 1.17238E-01 
5.30881E+03 8.81445E-02 
5.31027E+03 9.21281E-02 
5.31173E+03 1.12675E-01 
5.31320E+03 7.36584E-02 
5.31466E+03 5.31423E-02 
5.31612E+03 7.11239E-02 
5.31758E+03 1.01491E-01 
5.31905E+03 1.12911E-01 
5.32051E+03 7.06945E-02 
5.32197E+03 9.39297E-02 
5.32344E+03 5.95592E-02 
5.32490E+03 8.94425E-02 
5.32636E+03 8.14583E-02 
5.32783E+03 4.73204E-02 
5.32929E+03 6.03859E-02 
5.33075E+03 8.77357E-02 
5.33221E+03 4.11199E-02 
5.33368E+03 6.94073E-02 
5.33514E+03 1.16995E-01 
5.33660E+03 9.43866E-02 
5.33807E+03 7.89365E-02 
5.33953E+03 1.46209E-01 
5.34099E+03 6.75336E-02 
5.34245E+03 1.07057E-01 
5.34392E+03 1.45129E-01 
5.34538E+03 1.12704E-01 
5.34684E+03 8.97266E-02 
5.34831E+03 5.58450E-02 
5.34977E+03 7.94156E-02 
5.35123E+03 9.24438E-02 
5.35270E+03 8.97479E-02 
5.35416E+03 9.22649E-02 
5.35562E+03 9.26840E-02 
5.35708E+03 6.26270E-02 
5.35855E+03 6.75406E-02 
5.36001E+03 3.53822E-02 
5.36147E+03 5.89990E-02 
5.36294E+03 4.54009E-02 
5.36440E+03 5.98672E-02 
5.36586E+03 8.30381E-02 
5.36732E+03 8.25608E-02 
5.36879E+03 7.55430E-02 
5.37025E+03 5.10274E-02 
5.37171E+03 7.30686E-02 
5.37318E+03 5.35163E-02 
5.37464E+03 8.95217E-02 
5.37610E+03 3.83109E-02 
5.37757E+03 7.93499E-02 
5.37903E+03 9.97143E-02 
5.38049E+03 8.43041E-02 
5.38195E+03 4.43488E-02 
5.38342E+03 8.54322E-02 
5.38488E+03 6.38731E-02 
5.38634E+03 9.13734E-02 
5.38781E+03 6.97216E-02 
5.38927E+03 7.33800E-02 
5.39073E+03 7.50314E-02 
5.39219E+03 7.99967E-02 
5.39366E+03 8.02227E-02 
5.39512E+03 6.58328E-02 
5.39658E+03 6.19341E-02 
5.39805E+03 7.11878E-02 
5.39951E+03 8.66332E-02 
5.40097E+03 4.66789E-02 
5.40244E+03 2.89248E-02 
5.40390E+03 8.57675E-02 
5.40536E+03 3.65025E-02 
5.40682E+03 2.50171E-02 
5.40829E+03 3.36611E-02 
5.40975E+03 3.82235E-02 
5.41121E+03 8.06235E-02 
5.41268E+03 7.55958E-02 
5.41414E+03 4.67676E-02 
5.41560E+03 4.45345E-02 
5.41706E+03 7.10520E-02 
5.41853E+03 6.76615E-02 
5.41999E+03 1.77780E-02 
5.42145E+03 3.70573E-02 
5.42292E+03 5.13503E-02 
5.42438E+03 5.91973E-02 
5.42584E+03 7.64212E-02 
5.42731E+03 9.44373E-02 
5.42877E+03 5.72627E-02 
5.43023E+03 7.37917E-02 
5.43169E+03 6.66374E-02 
5.43316E+03 8.29637E-02 
5.43462E+03 4.70847E-02 
5.43608E+03 9.98308E-02 
5.43755E+03 6.11901E-02 
5.43901E+03 4.34117E-02 
5.44047E+03 8.41626E-02 
5.44194E+03 4.97436E-02 
5.44340E+03 5.73466E-02 
5.44486E+03 4.07987E-02 
5.44632E+03 3.46040E-02 
5.44779E+03 7.84812E-02 
5.44925E+03 4.88378E-02 
5.45071E+03 6.55533E-02 
5.45218E+03 6.64995E-02 
5.45364E+03 3.89627E-02 
5.45510E+03 6.11365E-02 
5.45656E+03 5.57775E-02 
5.45803E+03 3.77579E-02 
5.45949E+03 5.79967E-02 
5.46095E+03 4.91485E-02 
5.46242E+03 3.23562E-02 
5.46388E+03 3.92670E-02 
5.46534E+03 4.79049E-02 
5.46681E+03 7.69633E-02 
5.46827E+03 8.41909E-02 
5.46973E+03 4.12600E-02 
5.47119E+03 5.48674E-02 
5.47266E+03 6.59803E-02 
5.47412E+03 5.44653E-02 
5.47558E+03 8.27526E-02 
5.47705E+03 3.35219E-02 
5.47851E+03 6.77911E-02 
5.47997E+03 8.03228E-02 
5.48143E+03 8.70535E-02 
5.48290E+03 1.01476E-01 
5.48436E+03 6.03921E-02 
5.48582E+03 4.82445E-02 
5.48729E+03 7.27541E-02 
5.48875E+03 1.05033E-01 
5.49021E+03 7.33562E-02 
5.49168E+03 5.73306E-02 
5.49314E+03 9.86679E-02 
5.49460E+03 5.54358E-02 
5.49606E+03 9.76723E-02 
5.49753E+03 4.34718E-02 
5.49899E+03 5.75505E-02 
5.50045E+03 6.87695E-02 
5.50192E+03 7.24057E-02 
5.50338E+03 5.32317E-02 
5.50484E+03 4.06301E-02 
5.50630E+03 7.49416E-02 
5.50777E+03 8.96097E-02 
5.50923E+03 7.31411E-02 
5.51069E+03 8.62693E-02 
5.51216E+03 7.84113E-02 
5.51362E+03 1.12673E-01 
5.51508E+03 1.67259E-01 
5.51655E+03 2.02862E-01 
5.51801E+03 1.44233E-01 
5.51947E+03 7.40589E-02 
5.52093E+03 6.82264E-02 
5.52240E+03 6.54768E-02 
5.52386E+03 6.07424E-02 
5.52532E+03 6.29143E-02 
5.52679E+03 6.35798E-02 
5.52825E+03 9.32902E-02 
5.52971E+03 6.74890E-02 
5.53118E+03 5.77450E-02 
5.53264E+03 9.64559E-02 
5.53410E+03 1.05214E-01 
5.53556E+03 2.35069E-01 
5.53703E+03 2.63231E-01 
5.53849E+03 1.11968E-01 
5.53995E+03 7.14379E-02 
5.54142E+03 7.90483E-02 
5.54288E+03 8.38072E-02 
5.54434E+03 4.64628E-02 
5.54580E+03 6.02382E-02 
5.54727E+03 8.29333E-02 
5.54873E+03 9.43461E-02 
5.55019E+03 7.97487E-02 
5.55166E+03 6.91373E-02 
5.55312E+03 6.93635E-02 
5.55458E+03 6.41969E-02 
5.55605E+03 6.65720E-02 
5.55751E+03 7.61244E-02 
5.55897E+03 9.02472E-02 
5.56043E+03 8.63220E-02 
5.56190E+03 8.71204E-02 
5.56336E+03 7.33076E-02 
5.56482E+03 5.99420E-02 
5.56629E+03 6.93898E-02 
5.56775E+03 4.34449E-02 
5.56921E+03 4.01851E-02 
5.57067E+03 6.52511E-02 
5.57214E+03 7.74215E-02 
5.57360E+03 6.68199E-02 
5.57506E+03 8.02736E-02 
5.57653E+03 5.11588E-02 
5.57799E+03 4.82222E-02 
5.57945E+03 4.43360E-02 
5.58092E+03 6.85112E-02 
5.58238E+03 7.13799E-02 
5.58384E+03 7.69708E-02 
5.58530E+03 4.80682E-02 
5.58677E+03 4.65293E-02 
5.58823E+03 3.31992E-02 
5.58969E+03 4.82706E-02 
5.59116E+03 4.89431E-02 
5.59262E+03 6.22253E-02 
5.59408E+03 7.01544E-02 
5.59554E+03 9.19781E-02 
5.59701E+03 7.71313E-02 
5.59847E+03 6.22111E-02 
5.59993E+03 4.18185E-02 
5.60140E+03 7.23641E-02 
5.60286E+03 5.95869E-02 
5.60432E+03 5.28933E-02 
5.60579E+03 6.66770E-02 
5.60725E+03 8.58601E-02 
5.60871E+03 7.46653E-02 
5.61017E+03 9.82570E-02 
5.61164E+03 7.46086E-02 
5.61310E+03 5.28609E-02 
5.61456E+03 4.92879E-02 
5.61603E+03 8.59433E-02 
5.61749E+03 6.81034E-02 
5.61895E+03 6.94039E-02 
5.62042E+03 1.05477E-01 
5.62188E+03 9.44648E-02 
5.62334E+03 5.99512E-02 
5.62480E+03 7.47433E-02 
5.62627E+03 5.89468E-02 
5.62773E+03 6.80095E-02 
5.62919E+03 7.68322E-02 
5.63066E+03 7.89783E-02 
5.63212E+03 6.00064E-02 
5.63358E+03 4.18567E-02 
5.63504E+03 5.40439E-02 
5.63651E+03 5.92402E-02 
5.63797E+03 8.91885E-02 
5.63943E+03 8.51557E-02 
5.64090E+03 9.71050E-02 
5.64236E+03 6.36078E-02 
5.64382E+03 6.77502E-02 
5.64529E+03 8.28826E-02 
5.64675E+03 8.36811E-02 
5.64821E+03 8.34018E-02 
5.64967E+03 6.79287E-02 
5.65114E+03 4.80189E-02 
5.65260E+03 6.02327E-02 
5.65406E+03 9.28757E-02 
5.65553E+03 9.32956E-02 
5.65699E+03 8.07337E-02 
5.65845E+03 7.61672E-02 
5.65991E+03 4.84271E-02 
5.66138E+03 1.02284E-01 
5.66284E+03 7.92271E-02 
5.66430E+03 9.92813E-02 
5.66577E+03 8.61372E-02 
5.66723E+03 6.49545E-02 
5.66869E+03 8.82263E-02 
5.67016E+03 7.03065E-02 
5.67162E+03 8.03897E-02 
5.67308E+03 8.18992E-02 
5.67454E+03 8.72369E-02 
5.67601E+03 9.36167E-02 
5.67747E+03 1.27379E-01 
5.67893E+03 1.13194E-01 
5.68040E+03 1.04771E-01 
5.68186E+03 9.93995E-02 
5.68332E+03 7.90698E-02 
5.68478E+03 8.87722E-02 
5.68625E+03 8.49263E-02 
5.68771E+03 7.70673E-02 
5.68917E+03 9.28665E-02 
5.69064E+03 8.18150E-02 
5.69210E+03 6.95272E-02 
5.69356E+03 9.07760E-02 
5.69503E+03 6.24629E-02 
5.69649E+03 7.06928E-02 
5.69795E+03 7.20417E-02 
5.69941E+03 4.61312E-02 
5.70088E+03 8.11096E-02 
5.70234E+03 8.05181E-02 
5.70380E+03 6.01915E-02 
5.70527E+03 4.00993E-02 
5.70673E+03 4.99378E-02 
5.70819E+03 7.19953E-02 
5.70965E+03 8.08226E-02 
5.71112E+03 5.65512E-02 
5.71258E+03 7.68834E-02 
5.71404E+03 5.78559E-02 
5.71551E+03 7.22449E-02 
5.71697E+03 9.04974E-02 
5.71843E+03 7.35636E-02 
5.71990E+03 5.30047E-02 
5.72136E+03 8.41139E-02 
5.72282E+03 4.56099E-02 
5.72428E+03 5.12317E-02 
5.72575E+03 6.69244E-02 
5.72721E+03 7.59692E-02 
5.72867E+03 6.99313E-02 
5.73014E+03 8.14454E-02 
5.73160E+03 5.19090E-02 
5.73306E+03 6.79486E-02 
5.73452E+03 8.30263E-02 
5.73599E+03 7.20889E-02 
5.73745E+03 6.67091E-02 
5.73891E+03 8.19412E-02 
5.74038E+03 8.63351E-02 
5.74184E+03 5.46674E-02 
5.74330E+03 7.15229E-02 
5.74477E+03 7.08076E-02 
5.74623E+03 6.46140E-02 
5.74769E+03 8.58726E-02 
5.74915E+03 1.03410E-01 
5.75062E+03 9.83778E-02 
5.75208E+03 1.80766E-01 
5.75354E+03 2.03886E-01 
5.75501E+03 1.11955E-01 
5.75647E+03 7.76211E-02 
5.75793E+03 9.13627E-02 
5.75940E+03 9.35173E-02 
5.76086E+03 9.03033E-02 
5.76232E+03 6.24894E-02 
5.76378E+03 5.34916E-02 
5.76525E+03 4.59623E-02 
5.76671E+03 7.02163E-02 
5.76817E+03 3.43614E-02 
5.76964E+03 6.67668E-02 
5.77110E+03 8.15634E-02 
5.77256E+03 7.95305E-02 
5.77402E+03 6.86597E-02 
5.77549E+03 6.23679E-02 
5.77695E+03 8.91425E-02 
5.77841E+03 7.12723E-02 
5.77988E+03 6.48947E-02 
5.78134E+03 5.06686E-02 
5.78280E+03 6.72831E-02 
5.78427E+03 6.92903E-02 
5.78573E+03 8.16726E-02 
5.78719E+03 7.78241E-02 
5.78865E+03 7.80502E-02 
5.79012E+03 6.11251E-02 
5.79158E+03 5.91586E-02 
5.79304E+03 5.59386E-02 
5.79451E+03 5.98480E-02 
5.79597E+03 5.79780E-02 
5.79743E+03 6.46522E-02 
5.79890E+03 1.04637E-01 
5.80036E+03 1.07808E-01 
5.80182E+03 9.49866E-02 
5.80328E+03 9.49138E-02 
5.80475E+03 8.34193E-02 
5.80621E+03 7.76900E-02 
5.80767E+03 6.64347E-02 
5.80914E+03 1.17270E-01 
5.81060E+03 9.37719E-02 
5.81206E+03 9.93918E-02 
5.81352E+03 8.16085E-02 
5.81499E+03 8.47590E-02 
5.81645E+03 5.97153E-02 
5.81791E+03 9.22406E-02 
5.81938E+03 7.47130E-02 
5.82084E+03 7.90274E-02 
5.82230E+03 9.19244E-02 
5.82377E+03 5.97645E-02 
5.82523E+03 6.31518E-02 
5.82669E+03 9.18745E-02 
5.82815E+03 8.14186E-02 
5.82962E+03 6.96427E-02 
5.83108E+03 7.49117E-02 
5.83254E+03 5.85140E-02 
5.83401E+03 6.08263E-02 
5.83547E+03 8.54199E-02 
5.83693E+03 7.31453E-02 
5.83839E+03 9.09062E-02 
5.83986E+03 9.44541E-02 
5.84132E+03 8.45203E-02 
5.84278E+03 8.22571E-02 
5.84425E+03 7.93726E-02 
5.84571E+03 9.79174E-02 
5.84717E+03 9.93273E-02 
5.84864E+03 8.20180E-02 
5.85010E+03 7.34470E-02 
5.85156E+03 6.83234E-02 
5.85302E+03 8.36355E-02 
5.85449E+03 7.47173E-02 
5.85595E+03 7.75266E-02 
5.85741E+03 6.79479E-02 
5.85888E+03 7.18677E-02 
5.86034E+03 8.90749E-02 
5.86180E+03 8.19925E-02 
5.86326E+03 9.66410E-02 
5.86473E+03 9.44784E-02 
5.86619E+03 9.92519E-02 
5.86765E+03 9.21590E-02 
5.86912E+03 1.04219E-01 
5.87058E+03 1.53261E-01 
5.87204E+03 1.47497E+00 
5.87351E+03 4.86978E+00 
5.87497E+03 4.77652E+00 
5.87643E+03 1.56823E+00 
5.87789E+03 1.97876E-01 
5.87936E+03 7.52033E-02 
5.88082E+03 6.83260E-02 
5.88228E+03 1.08292E-01 
5.88375E+03 9.54464E-02 
5.88521E+03 7.98913E-02 
5.88667E+03 8.13033E-02 
5.88813E+03 9.33345E-02 
5.88960E+03 8.03676E-02 
5.89106E+03 8.31481E-02 
5.89252E+03 9.36878E-02 
5.89399E+03 8.06349E-02 
5.89545E+03 6.53510E-02 
5.89691E+03 6.98830E-02 
5.89838E+03 5.65666E-02 
5.89984E+03 7.25807E-02 
5.90130E+03 7.13529E-02 
5.90276E+03 1.01522E-01 
5.90423E+03 8.69867E-02 
5.90569E+03 7.63620E-02 
5.90715E+03 7.42086E-02 
5.90862E+03 8.02549E-02 
5.91008E+03 7.14586E-02 
5.91154E+03 7.74875E-02 
5.91300E+03 5.57466E-02 
5.91447E+03 6.87295E-02 
5.91593E+03 3.70326E-02 
5.91739E+03 4.88040E-02 
5.91886E+03 5.71174E-02 
5.92032E+03 7.68476E-02 
5.92178E+03 9.20718E-02 
5.92325E+03 9.01642E-02 
5.92471E+03 8.04652E-02 
5.92617E+03 1.03937E-01 
5.92763E+03 8.35482E-02 
5.92910E+03 7.53532E-02 
5.93056E+03 7.93519E-02 
5.93202E+03 6.33076E-02 
5.93349E+03 5.70473E-02 
5.93495E+03 5.95446E-02 
5.93641E+03 7.75707E-02 
5.93788E+03 7.78598E-02 
5.93934E+03 7.99443E-02 
5.94080E+03 1.15651E-01 
5.94226E+03 9.01515E-02 
5.94373E+03 8.17198E-02 
5.94519E+03 6.82682E-02 
5.94665E+03 6.20300E-02 
5.94812E+03 7.06274E-02 
5.94958E+03 8.39177E-02 
5.95104E+03 7.94685E-02 
5.95250E+03 7.60161E-02 
5.95397E+03 8.11775E-02 
5.95543E+03 8.23145E-02 
5.95689E+03 9.11575E-02 
5.95836E+03 8.81286E-02 
5.95982E+03 6.95231E-02 
5.96128E+03 6.78606E-02 
5.96275E+03 7.92343E-02 
5.96421E+03 8.15249E-02 
5.96567E+03 6.82966E-02 
5.96713E+03 6.31817E-02 
5.96860E+03 6.61918E-02 
5.97006E+03 3.82673E-02 
5.97152E+03 6.55457E-02 
5.97299E+03 7.46772E-02 
5.97445E+03 7.63232E-02 
5.97591E+03 6.80391E-02 
5.97738E+03 6.84928E-02 
5.97884E+03 7.75397E-02 
5.98030E+03 6.74231E-02 
5.98176E+03 7.79555E-02 
5.98323E+03 9.24358E-02 
5.98469E+03 7.14952E-02 
5.98615E+03 7.23051E-02 
5.98762E+03 6.77133E-02 
5.98908E+03 6.05357E-02 
5.99054E+03 8.02958E-02 
5.99200E+03 6.14631E-02 
5.99347E+03 5.20566E-02 
5.99493E+03 4.59832E-02 
5.99639E+03 6.01683E-02 
5.99786E+03 6.40566E-02 
5.99932E+03 5.57828E-02 
6.00078E+03 7.55469E-02 
6.00225E+03 6.55700E-02 
6.00371E+03 6.58538E-02 
6.00517E+03 5.98830E-02 
6.00663E+03 4.96772E-02 
6.00810E+03 5.04648E-02 
6.00956E+03 5.94247E-02 
6.01102E+03 4.91975E-02 
6.01249E+03 5.00715E-02 
6.01395E+03 7.62458E-02 
6.01541E+03 6.84158E-02 
6.01687E+03 4.56505E-02 
6.01834E+03 6.16135E-02 
6.01980E+03 9.32793E-02 
6.02126E+03 7.68932E-02 
6.02273E+03 7.66078E-02 
6.02419E+03 8.84027E-02 
6.02565E+03 6.74348E-02 
6.02712E+03 7.56597E-02 
6.02858E+03 8.84896E-02 
6.03004E+03 5.91097E-02 
6.03150E+03 8.13295E-02 
6.03297E+03 8.24805E-02 
6.03443E+03 8.05731E-02 
6.03589E+03 9.94081E-02 
6.03736E+03 9.31970E-02 
6.03882E+03 5.81106E-02 
6.04028E+03 6.74940E-02 
6.04174E+03 6.99138E-02 
6.04321E+03 7.48379E-02 
6.04467E+03 7.13208E-02 
6.04613E+03 6.39487E-02 
6.04760E+03 6.46707E-02 
6.04906E+03 7.27677E-02 
6.05052E+03 9.14384E-02 
6.05199E+03 8.44845E-02 
6.05345E+03 9.49058E-02 
6.05491E+03 7.63789E-02 
6.05637E+03 6.79362E-02 
6.05784E+03 7.97867E-02 
6.05930E+03 8.23380E-02 
6.06076E+03 6.38131E-02 
6.06223E+03 7.06693E-02 
6.06369E+03 7.20668E-02 
6.06515E+03 7.48436E-02 
6.06661E+03 8.50084E-02 
6.06808E+03 5.89702E-02 
6.06954E+03 9.12560E-02 
6.07100E+03 7.61377E-02 
6.07247E+03 6.89086E-02 
6.07393E+03 5.63920E-02 
6.07539E+03 7.87412E-02 
6.07686E+03 6.64586E-02 
6.07832E+03 8.99634E-02 
6.07978E+03 6.63194E-02 
6.08124E+03 6.09169E-02 
6.08271E+03 5.03531E-02 
6.08417E+03 5.31060E-02 
6.08563E+03 4.79213E-02 
6.08710E+03 7.00090E-02 
6.08856E+03 6.13037E-02 
6.09002E+03 8.10366E-02 
6.09148E+03 9.62826E-02 
6.09295E+03 1.10174E-01 
6.09441E+03 9.43232E-02 
6.09587E+03 8.94275E-02 
6.09734E+03 6.29993E-02 
6.09880E+03 5.95057E-02 
6.10026E+03 7.21525E-02 
6.10173E+03 8.32715E-02 
6.10319E+03 6.79572E-02 
6.10465E+03 6.43653E-02 
6.10611E+03 4.90726E-02 
6.10758E+03 7.00757E-02 
6.10904E+03 7.90016E-02 
6.11050E+03 6.25973E-02 
6.11197E+03 7.64929E-02 
6.11343E+03 7.65599E-02 
6.11489E+03 6.93523E-02 
6.11635E+03 6.49284E-02 
6.11782E+03 8.17738E-02 
6.11928E+03 7.69220E-02 
6.12074E+03 6.29660E-02 
6.12221E+03 6.93278E-02 
6.12367E+03 5.93021E-02 
6.12513E+03 6.05446E-02 
6.12660E+03 5.87219E-02 
6.12806E+03 4.99665E-02 
6.12952E+03 5.47907E-02 
6.13098E+03 7.44292E-02 
6.13245E+03 5.60634E-02 
6.13391E+03 5.70970E-02 
6.13537E+03 7.67254E-02 
6.13684E+03 6.74020E-02 
6.13830E+03 4.76954E-02 
6.13976E+03 5.70069E-02 
6.14123E+03 5.73513E-02 
6.14269E+03 6.40981E-02 
6.14415E+03 7.63322E-02 
6.14561E+03 6.19353E-02 
6.14708E+03 4.86466E-02 
6.14854E+03 8.05356E-02 
6.15000E+03 5.85519E-02 
6.15147E+03 7.69751E-02 
6.15293E+03 5.09430E-02 
6.15439E+03 3.48965E-02 
6.15585E+03 7.89091E-02 
6.15732E+03 8.61717E-02 
6.15878E+03 7.96367E-02 
6.16024E+03 7.30230E-02 
6.16171E+03 7.53927E-02 
6.16317E+03 8.51173E-02 
6.16463E+03 7.44658E-02 
6.16610E+03 5.70795E-02 
6.16756E+03 6.47299E-02 
6.16902E+03 8.10533E-02 
6.17048E+03 8.74942E-02 
6.17195E+03 7.46262E-02 
6.17341E+03 8.16939E-02 
6.17487E+03 5.14411E-02 
6.17634E+03 5.60533E-02 
6.17780E+03 3.92487E-02 
6.17926E+03 5.08535E-02 
6.18072E+03 7.52501E-02 
6.18219E+03 7.30759E-02 
6.18365E+03 7.62153E-02 
6.18511E+03 8.17878E-02 
6.18658E+03 7.64843E-02 
6.18804E+03 6.69765E-02 
6.18950E+03 4.99030E-02 
6.19097E+03 5.03579E-02 
6.19243E+03 4.36450E-02 
6.19389E+03 7.32194E-02 
6.19535E+03 5.75550E-02 
6.19682E+03 6.66701E-02 
6.19828E+03 8.35849E-02 
6.19974E+03 7.17871E-02 
6.20121E+03 6.03162E-02 
6.20267E+03 7.34134E-02 
6.20413E+03 5.77199E-02 
6.20560E+03 5.41964E-02 
6.20706E+03 6.11424E-02 
6.20852E+03 6.08034E-02 
6.20998E+03 6.87440E-02 
6.21145E+03 6.42645E-02 
6.21291E+03 6.57044E-02 
6.21437E+03 7.84274E-02 
6.21584E+03 7.74703E-02 
6.21730E+03 6.64982E-02 
6.21876E+03 7.45962E-02 
6.22022E+03 7.92097E-02 
6.22169E+03 7.46564E-02 
6.22315E+03 7.95626E-02 
6.22461E+03 8.36752E-02 
6.22608E+03 5.52108E-02 
6.22754E+03 7.24442E-02 
6.22900E+03 7.64872E-02 
6.23047E+03 7.71288E-02 
6.23193E+03 5.99454E-02 
6.23339E+03 4.79730E-02 
6.23485E+03 6.36193E-02 
6.23632E+03 7.02242E-02 
6.23778E+03 6.67562E-02 
6.23924E+03 8.56046E-02 
6.24071E+03 6.73089E-02 
6.24217E+03 7.78222E-02 
6.24363E+03 9.81298E-02 
6.24509E+03 7.64119E-02 
6.24656E+03 5.84473E-02 
6.24802E+03 7.02643E-02 
6.24948E+03 5.01836E-02 
6.25095E+03 4.07706E-02 
6.25241E+03 5.50363E-02 
6.25387E+03 7.00504E-02 
6.25534E+03 7.30088E-02 
6.25680E+03 7.78453E-02 
6.25826E+03 7.09873E-02 
6.25972E+03 5.56104E-02 
6.26119E+03 6.27457E-02 
6.26265E+03 7.75440E-02 
6.26411E+03 7.48994E-02 
6.26558E+03 7.22966E-02 
6.26704E+03 6.43986E-02 
6.26850E+03 6.50319E-02 
6.26996E+03 6.52770E-02 
6.27143E+03 4.90392E-02 
6.27289E+03 6.09805E-02 
6.27435E+03 5.86544E-02 
6.27582E+03 8.02272E-02 
6.27728E+03 8.76252E-02 
6.27874E+03 6.87362E-02 
6.28021E+03 8.15903E-02 
6.28167E+03 7.48035E-02 
6.28313E+03 6.57449E-02 
6.28459E+03 6.35766E-02 
6.28606E+03 6.44336E-02 
6.28752E+03 7.34830E-02 
6.28898E+03 6.08452E-02 
6.29045E+03 8.30151E-02 
6.29191E+03 6.00338E-02 
6.29337E+03 5.90857E-02 
6.29483E+03 4.89045E-02 
6.29630E+03 8.62911E-02 
6.29776E+03 1.74839E-01 
6.29922E+03 2.32496E-01 
6.30069E+03 1.49601E-01 
6.30215E+03 9.80514E-02 
6.30361E+03 8.90012E-02 
6.30508E+03 5.85462E-02 
6.30654E+03 5.69393E-02 
6.30800E+03 1.04654E-01 
6.30946E+03 3.03674E-01 
6.31093E+03 4.16273E-01 
6.31239E+03 2.04692E-01 
6.31385E+03 7.24005E-02 
6.31532E+03 8.36801E-02 
6.31678E+03 5.88332E-02 
6.31824E+03 7.57504E-02 
6.31971E+03 7.39131E-02 
6.32117E+03 5.99727E-02 
6.32263E+03 6.28725E-02 
6.32409E+03 7.20313E-02 
6.32556E+03 6.43748E-02 
6.32702E+03 5.43237E-02 
6.32848E+03 7.82556E-02 
6.32995E+03 6.75645E-02 
6.33141E+03 6.13351E-02 
6.33287E+03 7.92895E-02 
6.33433E+03 7.18861E-02 
6.33580E+03 8.35363E-02 
6.33726E+03 9.04309E-02 
6.33872E+03 7.36311E-02 
6.34019E+03 7.50837E-02 
6.34165E+03 8.30498E-02 
6.34311E+03 7.83059E-02 
6.34458E+03 8.78327E-02 
6.34604E+03 8.43928E-02 
6.34750E+03 5.81593E-02 
6.34896E+03 5.10718E-02 
6.35043E+03 8.16689E-02 
6.35189E+03 8.25832E-02 
6.35335E+03 8.05458E-02 
6.35482E+03 8.56867E-02 
6.35628E+03 7.80907E-02 
6.35774E+03 8.15823E-02 
6.35920E+03 8.02656E-02 
6.36067E+03 1.19436E-01 
6.36213E+03 1.34138E-01 
6.36359E+03 1.07505E-01 
6.36506E+03 6.57509E-02 
6.36652E+03 6.83756E-02 
6.36798E+03 6.00830E-02 
6.36945E+03 8.68196E-02 
6.37091E+03 7.32064E-02 
6.37237E+03 6.51748E-02 
6.37383E+03 6.93007E-02 
6.37530E+03 6.47494E-02 
6.37676E+03 8.03035E-02 
6.37822E+03 6.39802E-02 
6.37969E+03 6.95403E-02 
6.38115E+03 5.36742E-02 
6.38261E+03 5.53235E-02 
6.38407E+03 7.39444E-02 
6.38554E+03 6.78220E-02 
6.38700E+03 7.95695E-02 
6.38846E+03 6.62287E-02 
6.38993E+03 5.94341E-02 
6.39139E+03 6.31295E-02 
6.39285E+03 7.05908E-02 
6.39432E+03 5.73809E-02 
6.39578E+03 6.56444E-02 
6.39724E+03 7.60406E-02 
6.39870E+03 7.06230E-02 
6.40017E+03 8.27558E-02 
6.40163E+03 8.32232E-02 
6.40309E+03 7.85674E-02 
6.40456E+03 8.16827E-02 
6.40602E+03 7.05513E-02 
6.40748E+03 6.82797E-02 
6.40894E+03 6.54715E-02 
6.41041E+03 7.34176E-02 
6.41187E+03 9.55110E-02 
6.41333E+03 7.13124E-02 
6.41480E+03 7.86621E-02 
6.41626E+03 8.20735E-02 
6.41772E+03 7.13678E-02 
6.41919E+03 8.31210E-02 
6.42065E+03 6.52431E-02 
6.42211E+03 7.60858E-02 
6.42357E+03 7.90568E-02 
6.42504E+03 7.47768E-02 
6.42650E+03 9.02442E-02 
6.42796E+03 9.56973E-02 
6.42943E+03 8.27941E-02 
6.43089E+03 8.43990E-02 
6.43235E+03 9.42179E-02 
6.43382E+03 7.46323E-02 
6.43528E+03 7.63716E-02 
6.43674E+03 8.70918E-02 
6.43820E+03 8.01693E-02 
6.43967E+03 9.76144E-02 
6.44113E+03 7.21836E-02 
6.44259E+03 7.13431E-02 
6.44406E+03 8.68434E-02 
6.44552E+03 9.01095E-02 
6.44698E+03 7.66864E-02 
6.44844E+03 6.83157E-02 
6.44991E+03 7.69028E-02 
6.45137E+03 7.97007E-02 
6.45283E+03 9.75913E-02 
6.45430E+03 7.98830E-02 
6.45576E+03 7.21175E-02 
6.45722E+03 8.64733E-02 
6.45869E+03 7.55007E-02 
6.46015E+03 9.47671E-02 
6.46161E+03 7.91522E-02 
6.46307E+03 7.93758E-02 
6.46454E+03 7.38851E-02 
6.46600E+03 6.67927E-02 
6.46746E+03 8.59071E-02 
6.46893E+03 6.53671E-02 
6.47039E+03 8.15411E-02 
6.47185E+03 8.27658E-02 
6.47331E+03 9.31651E-02 
6.47478E+03 7.53623E-02 
6.47624E+03 8.70548E-02 
6.47770E+03 9.37678E-02 
6.47917E+03 8.15071E-02 
6.48063E+03 8.16717E-02 
6.48209E+03 7.48501E-02 
6.48356E+03 1.17798E-01 
6.48502E+03 1.05757E-01 
6.48648E+03 9.34143E-02 
6.48794E+03 9.68815E-02 
6.48941E+03 9.73990E-02 
6.49087E+03 1.13208E-01 
6.49233E+03 9.49019E-02 
6.49380E+03 9.83882E-02 
6.49526E+03 9.66667E-02 
6.49672E+03 9.28258E-02 
6.49819E+03 8.67009E-02 
6.49965E+03 8.10600E-02 
6.50111E+03 9.97550E-02 
6.50257E+03 1.15374E-01 
6.50404E+03 9.11669E-02 
6.50550E+03 1.13286E-01 
6.50696E+03 1.13764E-01 
6.50843E+03 9.36719E-02 
6.50989E+03 1.19994E-01 
6.51135E+03 1.16718E-01 
6.51281E+03 1.25472E-01 
6.51428E+03 1.07971E-01 
6.51574E+03 1.25056E-01 
6.51720E+03 1.22445E-01 
6.51867E+03 1.30517E-01 
6.52013E+03 1.27800E-01 
6.52159E+03 1.28525E-01 
6.52306E+03 1.38683E-01 
6.52452E+03 1.24621E-01 
6.52598E+03 1.17010E-01 
6.52744E+03 1.07799E-01 
6.52891E+03 1.31232E-01 
6.53037E+03 1.35391E-01 
6.53183E+03 1.65166E-01 
6.53330E+03 1.30332E-01 
6.53476E+03 1.31793E-01 
6.53622E+03 1.19331E-01 
6.53768E+03 1.45746E-01 
6.53915E+03 1.35200E-01 
6.54061E+03 1.61470E-01 
6.54207E+03 1.83734E-01 
6.54354E+03 2.63813E-01 
6.54500E+03 1.70770E+00 
6.54646E+03 3.51267E+00 
6.54793E+03 2.06895E+00 
6.54939E+03 5.29192E-01 
6.55085E+03 2.75026E-01 
6.55231E+03 2.94774E-01 
6.55378E+03 2.98440E-01 
6.55524E+03 3.17082E-01 
6.55670E+03 4.12665E-01 
6.55817E+03 2.35275E+00 
6.55963E+03 4.61952E+01 
6.56109E+03 9.61162E+01 
6.56255E+03 5.65656E+01 
6.56402E+03 1.05384E+01 
6.56548E+03 9.11134E-01 
6.56694E+03 4.28853E-01 
6.56841E+03 3.72158E-01 
6.56987E+03 2.93829E-01 
6.57133E+03 2.53443E-01 
6.57280E+03 2.31378E-01 
6.57426E+03 2.31349E-01 
6.57572E+03 2.78219E-01 
6.57718E+03 2.76507E-01 
6.57865E+03 4.00256E-01 
6.58011E+03 4.18568E+00 
6.58157E+03 9.42956E+00 
6.58304E+03 6.89553E+00 
6.58450E+03 1.90515E+00 
6.58596E+03 2.98636E-01 
6.58742E+03 1.83166E-01 
6.58889E+03 1.55715E-01 
6.59035E+03 1.81912E-01 
6.59181E+03 1.74341E-01 
6.59328E+03 1.32218E-01 
6.59474E+03 1.33178E-01 
6.59620E+03 1.37156E-01 
6.59767E+03 1.36467E-01 
6.59913E+03 1.34883E-01 
6.60059E+03 1.51726E-01 
6.60205E+03 1.32688E-01 
6.60352E+03 1.31848E-01 
6.60498E+03 1.33053E-01 
6.60644E+03 1.31964E-01 
6.60791E+03 1.20524E-01 
6.60937E+03 9.85865E-02 
6.61083E+03 9.80557E-02 
6.61229E+03 1.06842E-01 
6.61376E+03 1.08078E-01 
6.61522E+03 1.00579E-01 
6.61668E+03 1.15170E-01 
6.61815E+03 1.27516E-01 
6.61961E+03 1.28233E-01 
6.62107E+03 1.13435E-01 
6.62254E+03 9.79205E-02 
6.62400E+03 9.46729E-02 
6.62546E+03 9.75281E-02 
6.62692E+03 9.64715E-02 
6.62839E+03 9.51998E-02 
6.62985E+03 7.46421E-02 
6.63131E+03 1.00332E-01 
6.63278E+03 9.09479E-02 
6.63424E+03 9.63713E-02 
6.63570E+03 8.20127E-02 
6.63717E+03 9.06152E-02 
6.63863E+03 9.91448E-02 
6.64009E+03 9.31101E-02 
6.64155E+03 9.40189E-02 
6.64302E+03 8.12439E-02 
6.64448E+03 9.84083E-02 
6.64594E+03 9.65425E-02 
6.64741E+03 9.49123E-02 
6.64887E+03 7.37110E-02 
6.65033E+03 8.33587E-02 
6.65179E+03 9.37309E-02 
6.65326E+03 9.76132E-02 
6.65472E+03 1.00265E-01 
6.65618E+03 1.12037E-01 
6.65765E+03 9.10002E-02 
6.65911E+03 1.10534E-01 
6.66057E+03 9.93562E-02 
6.66204E+03 7.28653E-02 
6.66350E+03 8.62903E-02 
6.66496E+03 7.66634E-02 
6.66642E+03 7.46447E-02 
6.66789E+03 8.65343E-02 
6.66935E+03 9.13572E-02 
6.67081E+03 6.58605E-02 
6.67228E+03 7.28703E-02 
6.67374E+03 1.92391E-01 
6.67520E+03 8.48544E-01 
6.67667E+03 1.67077E+00 
6.67813E+03 9.81266E-01 
6.67959E+03 1.81970E-01 
6.68105E+03 1.07682E-01 
6.68252E+03 1.10519E-01 
6.68398E+03 9.97759E-02 
6.68544E+03 1.05618E-01 
6.68691E+03 8.62370E-02 
6.68837E+03 7.24570E-02 
6.68983E+03 7.54747E-02 
6.69129E+03 8.41706E-02 
6.69276E+03 8.32044E-02 
6.69422E+03 8.03295E-02 
6.69568E+03 8.76182E-02 
6.69715E+03 7.90768E-02 
6.69861E+03 6.27163E-02 
6.70007E+03 6.52795E-02 
6.70154E+03 7.57639E-02 
6.70300E+03 6.69374E-02 
6.70446E+03 1.10440E-02 
6.70592E+03 1.69568E-02 
6.70739E+03 2.91710E-02 
6.70885E+03 1.47276E-02 
6.71031E+03 2.16615E-03 
6.71178E+03 2.59724E-02 
