4.18618E+03 0.00000E+00 
4.18696E+03 8.87220E-02 
4.18774E+03 9.55703E-02 
4.18852E+03 1.17044E-01 
4.18930E+03 1.15748E-01 
4.19008E+03 9.22118E-02 
4.19086E+03 8.30333E-02 
4.19164E+03 8.73901E-02 
4.19242E+03 8.45858E-02 
4.19320E+03 8.59279E-02 
4.19398E+03 8.66868E-02 
4.19476E+03 9.30405E-02 
4.19554E+03 8.99947E-02 
4.19633E+03 8.50829E-02 
4.19711E+03 8.12310E-02 
4.19789E+03 8.67937E-02 
4.19867E+03 9.32914E-02 
4.19945E+03 9.49307E-02 
4.20023E+03 8.77910E-02 
4.20101E+03 8.01689E-02 
4.20179E+03 8.02162E-02 
4.20257E+03 8.09945E-02 
4.20335E+03 8.11087E-02 
4.20413E+03 8.09647E-02 
4.20491E+03 8.53001E-02 
4.20569E+03 8.24555E-02 
4.20647E+03 8.29429E-02 
4.20725E+03 8.83699E-02 
4.20803E+03 8.29273E-02 
4.20881E+03 8.27183E-02 
4.20959E+03 8.35536E-02 
4.21037E+03 8.43496E-02 
4.21115E+03 8.43364E-02 
4.21193E+03 8.39021E-02 
4.21271E+03 8.26289E-02 
4.21349E+03 8.33897E-02 
4.21427E+03 8.44209E-02 
4.21506E+03 8.59461E-02 
4.21584E+03 9.11802E-02 
4.21662E+03 8.99047E-02 
4.21740E+03 8.72674E-02 
4.21818E+03 1.00258E-01 
4.21896E+03 1.02894E-01 
4.21974E+03 9.68311E-02 
4.22052E+03 8.88762E-02 
4.22130E+03 8.88841E-02 
4.22208E+03 8.64942E-02 
4.22286E+03 8.68734E-02 
4.22364E+03 8.70209E-02 
4.22442E+03 8.76330E-02 
4.22520E+03 8.50969E-02 
4.22598E+03 8.69652E-02 
4.22676E+03 9.05324E-02 
4.22754E+03 8.68570E-02 
4.22832E+03 8.58532E-02 
4.22910E+03 8.76889E-02 
4.22988E+03 9.37544E-02 
4.23066E+03 9.84549E-02 
4.23144E+03 9.23159E-02 
4.23222E+03 8.89895E-02 
4.23300E+03 9.26322E-02 
4.23379E+03 8.90832E-02 
4.23457E+03 8.29341E-02 
4.23535E+03 9.67602E-02 
4.23613E+03 1.05495E-01 
4.23691E+03 9.72901E-02 
4.23769E+03 8.35752E-02 
4.23847E+03 8.64181E-02 
4.23925E+03 9.18682E-02 
4.24003E+03 1.01879E-01 
4.24081E+03 1.15197E-01 
4.24159E+03 1.01674E-01 
4.24237E+03 8.60737E-02 
4.24315E+03 8.65033E-02 
4.24393E+03 8.41715E-02 
4.24471E+03 8.30765E-02 
4.24549E+03 8.38880E-02 
4.24627E+03 8.37592E-02 
4.24705E+03 8.44793E-02 
4.24783E+03 8.24745E-02 
4.24861E+03 8.46498E-02 
4.24939E+03 8.55810E-02 
4.25017E+03 8.75107E-02 
4.25095E+03 8.61689E-02 
4.25174E+03 8.54177E-02 
4.25252E+03 1.03192E-01 
4.25330E+03 1.01683E-01 
4.25408E+03 8.42840E-02 
4.25486E+03 8.12980E-02 
4.25564E+03 8.35607E-02 
4.25642E+03 8.47236E-02 
4.25720E+03 8.50276E-02 
4.25798E+03 8.07402E-02 
4.25876E+03 7.97529E-02 
4.25954E+03 7.79544E-02 
4.26032E+03 7.97485E-02 
4.26110E+03 8.02175E-02 
4.26188E+03 8.01462E-02 
4.26266E+03 8.03482E-02 
4.26344E+03 7.68446E-02 
4.26422E+03 8.25777E-02 
4.26500E+03 1.35506E-01 
4.26578E+03 3.75039E-01 
4.26656E+03 4.17498E-01 
4.26734E+03 1.67535E-01 
4.26812E+03 8.37533E-02 
4.26890E+03 8.01747E-02 
4.26968E+03 7.87366E-02 
4.27047E+03 7.65517E-02 
4.27125E+03 7.84392E-02 
4.27203E+03 8.11818E-02 
4.27281E+03 8.25385E-02 
4.27359E+03 9.17989E-02 
4.27437E+03 1.17574E-01 
4.27515E+03 1.26586E-01 
4.27593E+03 1.11772E-01 
4.27671E+03 1.00688E-01 
4.27749E+03 8.86816E-02 
4.27827E+03 7.88187E-02 
4.27905E+03 7.78475E-02 
4.27983E+03 8.26546E-02 
4.28061E+03 9.32300E-02 
4.28139E+03 8.56559E-02 
4.28217E+03 9.50729E-02 
4.28295E+03 9.43050E-02 
4.28373E+03 9.27698E-02 
4.28451E+03 9.71716E-02 
4.28529E+03 8.78262E-02 
4.28607E+03 7.90420E-02 
4.28685E+03 8.12884E-02 
4.28763E+03 8.58264E-02 
4.28841E+03 8.47507E-02 
4.28920E+03 8.69094E-02 
4.28998E+03 9.79687E-02 
4.29076E+03 9.97650E-02 
4.29154E+03 9.24480E-02 
4.29232E+03 8.34220E-02 
4.29310E+03 9.04202E-02 
4.29388E+03 1.01793E-01 
4.29466E+03 9.45206E-02 
4.29544E+03 8.05155E-02 
4.29622E+03 7.73694E-02 
4.29700E+03 7.78329E-02 
4.29778E+03 7.92291E-02 
4.29856E+03 7.69661E-02 
4.29934E+03 7.91813E-02 
4.30012E+03 8.03267E-02 
4.30090E+03 8.10048E-02 
4.30168E+03 9.02665E-02 
4.30246E+03 1.21096E-01 
4.30324E+03 1.24267E-01 
4.30402E+03 9.03213E-02 
4.30480E+03 8.41690E-02 
4.30558E+03 8.49603E-02 
4.30636E+03 8.91147E-02 
4.30715E+03 8.70328E-02 
4.30793E+03 8.58758E-02 
4.30871E+03 8.43771E-02 
4.30949E+03 8.25385E-02 
4.31027E+03 8.42186E-02 
4.31105E+03 8.73981E-02 
4.31183E+03 8.79856E-02 
4.31261E+03 8.83103E-02 
4.31339E+03 8.63384E-02 
4.31417E+03 8.85905E-02 
4.31495E+03 9.78323E-02 
4.31573E+03 1.31350E-01 
4.31651E+03 1.39801E-01 
4.31729E+03 1.09331E-01 
4.31807E+03 1.04724E-01 
4.31885E+03 1.15260E-01 
4.31963E+03 9.42490E-02 
4.32041E+03 8.47927E-02 
4.32119E+03 8.60958E-02 
4.32197E+03 8.41751E-02 
4.32275E+03 8.25632E-02 
4.32353E+03 8.75522E-02 
4.32431E+03 1.00490E-01 
4.32509E+03 1.04761E-01 
4.32588E+03 9.54068E-02 
4.32666E+03 9.17372E-02 
4.32744E+03 8.86907E-02 
4.32822E+03 9.34528E-02 
4.32900E+03 9.70511E-02 
4.32978E+03 9.94284E-02 
4.33056E+03 1.02089E-01 
4.33134E+03 1.04317E-01 
4.33212E+03 1.08263E-01 
4.33290E+03 1.01207E-01 
4.33368E+03 9.97798E-02 
4.33446E+03 1.03711E-01 
4.33524E+03 1.29353E-01 
4.33602E+03 1.56521E-01 
4.33680E+03 1.74968E-01 
4.33758E+03 6.36516E-01 
4.33836E+03 5.26240E+00 
4.33914E+03 1.62812E+01 
4.33992E+03 1.59449E+01 
4.34070E+03 5.75302E+00 
4.34148E+03 3.97751E-01 
4.34226E+03 1.57725E-01 
4.34304E+03 1.50653E-01 
4.34382E+03 1.67872E-01 
4.34460E+03 1.80804E-01 
4.34539E+03 1.40074E-01 
4.34617E+03 1.06484E-01 
4.34695E+03 1.08402E-01 
4.34773E+03 1.36675E-01 
4.34851E+03 1.76050E-01 
4.34929E+03 1.36296E-01 
4.35007E+03 1.03083E-01 
4.35085E+03 9.72092E-02 
4.35163E+03 9.05658E-02 
4.35241E+03 9.39411E-02 
4.35319E+03 9.26870E-02 
4.35397E+03 8.70744E-02 
4.35475E+03 8.48307E-02 
4.35553E+03 8.54221E-02 
4.35631E+03 8.89011E-02 
4.35709E+03 8.85546E-02 
4.35787E+03 8.78757E-02 
4.35865E+03 8.29010E-02 
4.35943E+03 8.44753E-02 
4.36021E+03 9.72048E-02 
4.36099E+03 2.45136E-01 
4.36177E+03 8.86292E-01 
4.36255E+03 1.05665E+00 
4.36333E+03 3.70525E-01 
4.36412E+03 9.85453E-02 
4.36490E+03 9.85055E-02 
4.36568E+03 1.38577E-01 
4.36646E+03 1.29502E-01 
4.36724E+03 8.76231E-02 
4.36802E+03 8.38830E-02 
4.36880E+03 8.41883E-02 
4.36958E+03 8.65838E-02 
4.37036E+03 8.90563E-02 
4.37114E+03 8.87128E-02 
4.37192E+03 8.28194E-02 
4.37270E+03 7.86884E-02 
4.37348E+03 7.69146E-02 
4.37426E+03 7.94899E-02 
4.37504E+03 8.05977E-02 
4.37582E+03 7.93283E-02 
4.37660E+03 8.70534E-02 
4.37738E+03 1.02319E-01 
4.37816E+03 1.14136E-01 
4.37894E+03 1.00312E-01 
4.37972E+03 8.01389E-02 
4.38050E+03 7.75593E-02 
4.38128E+03 7.82053E-02 
4.38206E+03 7.68569E-02 
4.38285E+03 7.96205E-02 
4.38363E+03 8.15743E-02 
4.38441E+03 8.07129E-02 
4.38519E+03 8.76920E-02 
4.38597E+03 1.98658E-01 
4.38675E+03 4.71696E-01 
4.38753E+03 3.97846E-01 
4.38831E+03 1.25144E-01 
4.38909E+03 7.69529E-02 
4.38987E+03 8.20210E-02 
4.39065E+03 1.00292E-01 
4.39143E+03 1.03002E-01 
4.39221E+03 8.22535E-02 
4.39299E+03 7.51192E-02 
4.39377E+03 7.53344E-02 
4.39455E+03 7.62715E-02 
4.39533E+03 7.66386E-02 
4.39611E+03 7.54046E-02 
4.39689E+03 8.07005E-02 
4.39767E+03 7.78295E-02 
4.39845E+03 7.44583E-02 
4.39923E+03 7.49417E-02 
4.40001E+03 7.71038E-02 
4.40079E+03 7.59855E-02 
4.40158E+03 7.29363E-02 
4.40236E+03 7.35065E-02 
4.40314E+03 7.39586E-02 
4.40392E+03 7.45571E-02 
4.40470E+03 7.63771E-02 
4.40548E+03 7.60925E-02 
4.40626E+03 7.42578E-02 
4.40704E+03 7.70168E-02 
4.40782E+03 8.93785E-02 
4.40860E+03 9.60560E-02 
4.40938E+03 8.20467E-02 
4.41016E+03 7.27638E-02 
4.41094E+03 7.78138E-02 
4.41172E+03 8.17346E-02 
4.41250E+03 8.71914E-02 
4.41328E+03 9.38670E-02 
4.41406E+03 1.05112E-01 
4.41484E+03 9.39862E-02 
4.41562E+03 1.07688E-01 
4.41640E+03 1.08191E-01 
4.41718E+03 7.91724E-02 
4.41796E+03 7.41654E-02 
4.41874E+03 7.45846E-02 
4.41952E+03 7.28533E-02 
4.42031E+03 7.35849E-02 
4.42109E+03 7.42374E-02 
4.42187E+03 7.22776E-02 
4.42265E+03 7.44086E-02 
4.42343E+03 7.30742E-02 
4.42421E+03 7.20022E-02 
4.42499E+03 7.44793E-02 
4.42577E+03 7.76457E-02 
4.42655E+03 8.04452E-02 
4.42733E+03 9.08908E-02 
4.42811E+03 8.65571E-02 
4.42889E+03 7.94281E-02 
4.42967E+03 8.80749E-02 
4.43045E+03 8.56570E-02 
4.43123E+03 8.77096E-02 
4.43201E+03 8.71104E-02 
4.43279E+03 7.77538E-02 
4.43357E+03 7.29660E-02 
4.43435E+03 7.27509E-02 
4.43513E+03 7.75015E-02 
4.43591E+03 1.01158E-01 
4.43669E+03 1.18350E-01 
4.43747E+03 9.39139E-02 
4.43825E+03 7.46922E-02 
4.43904E+03 7.62178E-02 
4.43982E+03 9.93881E-02 
4.44060E+03 7.66002E-02 
4.44138E+03 8.11248E-02 
4.44216E+03 8.04310E-02 
4.44294E+03 7.07643E-02 
4.44372E+03 7.14159E-02 
4.44450E+03 7.32001E-02 
4.44528E+03 7.55383E-02 
4.44606E+03 7.66860E-02 
4.44684E+03 7.74588E-02 
4.44762E+03 8.26934E-02 
4.44840E+03 7.62491E-02 
4.44918E+03 7.23451E-02 
4.44996E+03 7.34516E-02 
4.45074E+03 7.70053E-02 
4.45152E+03 8.06822E-02 
4.45230E+03 7.72359E-02 
4.45308E+03 7.34113E-02 
4.45386E+03 7.27857E-02 
4.45464E+03 7.54357E-02 
4.45542E+03 7.90451E-02 
4.45620E+03 8.28599E-02 
4.45698E+03 7.86323E-02 
4.45777E+03 7.47472E-02 
4.45855E+03 7.45889E-02 
4.45933E+03 7.74685E-02 
4.46011E+03 7.29788E-02 
4.46089E+03 7.44912E-02 
4.46167E+03 7.91082E-02 
4.46245E+03 1.13988E-01 
4.46323E+03 8.20010E-02 
4.46401E+03 9.18090E-02 
4.46479E+03 9.82630E-02 
4.46557E+03 8.96304E-02 
4.46635E+03 9.04489E-02 
4.46713E+03 9.51024E-02 
4.46791E+03 9.65515E-02 
4.46869E+03 1.29740E-01 
4.46947E+03 1.01342E+00 
4.47025E+03 3.34269E+00 
4.47103E+03 2.79617E+00 
4.47181E+03 5.56864E-01 
4.47259E+03 1.08892E-01 
4.47337E+03 8.06962E-02 
4.47415E+03 7.78031E-02 
4.47493E+03 7.48703E-02 
4.47571E+03 7.54683E-02 
4.47650E+03 8.33217E-02 
4.47728E+03 8.25695E-02 
4.47806E+03 7.54496E-02 
4.47884E+03 7.32875E-02 
4.47962E+03 7.98610E-02 
4.48040E+03 8.35185E-02 
4.48118E+03 7.78730E-02 
4.48196E+03 7.73496E-02 
4.48274E+03 7.60103E-02 
4.48352E+03 7.93479E-02 
4.48430E+03 7.31349E-02 
4.48508E+03 7.30516E-02 
4.48586E+03 7.46172E-02 
4.48664E+03 8.10760E-02 
4.48742E+03 8.52816E-02 
4.48820E+03 8.12424E-02 
4.48898E+03 8.06248E-02 
4.48976E+03 8.84564E-02 
4.49054E+03 9.34802E-02 
4.49132E+03 7.92481E-02 
4.49210E+03 7.18265E-02 
4.49288E+03 7.08163E-02 
4.49366E+03 7.17841E-02 
4.49445E+03 7.80853E-02 
4.49523E+03 7.21496E-02 
4.49601E+03 6.99484E-02 
4.49679E+03 7.18638E-02 
4.49757E+03 7.59487E-02 
4.49835E+03 7.72600E-02 
4.49913E+03 7.33004E-02 
4.49991E+03 6.89288E-02 
4.50069E+03 7.17709E-02 
4.50147E+03 7.26326E-02 
4.50225E+03 7.49059E-02 
4.50303E+03 6.93935E-02 
4.50381E+03 6.92721E-02 
4.50459E+03 7.14663E-02 
4.50537E+03 7.31295E-02 
4.50615E+03 7.43163E-02 
4.50693E+03 7.45636E-02 
4.50771E+03 7.41080E-02 
4.50849E+03 7.30371E-02 
4.50927E+03 8.47858E-02 
4.51005E+03 8.88219E-02 
4.51083E+03 8.10860E-02 
4.51161E+03 7.06635E-02 
4.51239E+03 7.28789E-02 
4.51318E+03 7.72472E-02 
4.51396E+03 7.57274E-02 
4.51474E+03 7.46522E-02 
4.51552E+03 7.51738E-02 
4.51630E+03 7.53280E-02 
4.51708E+03 7.54873E-02 
4.51786E+03 7.72250E-02 
4.51864E+03 7.42627E-02 
4.51942E+03 7.15059E-02 
4.52020E+03 7.07519E-02 
4.52098E+03 7.13616E-02 
4.52176E+03 7.59658E-02 
4.52254E+03 7.87502E-02 
4.52332E+03 7.38234E-02 
4.52410E+03 7.01316E-02 
4.52488E+03 6.93944E-02 
4.52566E+03 7.10561E-02 
4.52644E+03 7.03999E-02 
4.52722E+03 7.26591E-02 
4.52800E+03 7.47551E-02 
4.52878E+03 8.41147E-02 
4.52956E+03 8.60159E-02 
4.53034E+03 7.65148E-02 
4.53112E+03 7.28065E-02 
4.53191E+03 6.91017E-02 
4.53269E+03 7.22343E-02 
4.53347E+03 7.83400E-02 
4.53425E+03 7.50313E-02 
4.53503E+03 7.16855E-02 
4.53581E+03 7.06580E-02 
4.53659E+03 7.11090E-02 
4.53737E+03 6.78950E-02 
4.53815E+03 7.09831E-02 
4.53893E+03 7.61817E-02 
4.53971E+03 7.21512E-02 
4.54049E+03 7.20571E-02 
4.54127E+03 7.16245E-02 
4.54205E+03 7.06796E-02 
4.54283E+03 7.07383E-02 
4.54361E+03 7.39362E-02 
4.54439E+03 7.42714E-02 
4.54517E+03 6.86426E-02 
4.54595E+03 7.05422E-02 
4.54673E+03 7.04387E-02 
4.54751E+03 7.11704E-02 
4.54829E+03 7.06264E-02 
4.54907E+03 7.14018E-02 
4.54985E+03 7.21901E-02 
4.55064E+03 7.44338E-02 
4.55142E+03 8.06754E-02 
4.55220E+03 7.81355E-02 
4.55298E+03 7.12170E-02 
4.55376E+03 6.99373E-02 
4.55454E+03 6.96182E-02 
4.55532E+03 6.94634E-02 
4.55610E+03 7.09315E-02 
4.55688E+03 6.84517E-02 
4.55766E+03 6.77213E-02 
4.55844E+03 6.99606E-02 
4.55922E+03 7.17580E-02 
4.56000E+03 6.99787E-02 
4.56078E+03 7.50790E-02 
4.56156E+03 7.61149E-02 
4.56234E+03 7.40833E-02 
4.56312E+03 7.18064E-02 
4.56390E+03 7.30323E-02 
4.56468E+03 6.89555E-02 
4.56546E+03 7.12400E-02 
4.56624E+03 7.47403E-02 
4.56702E+03 7.50956E-02 
4.56780E+03 7.26863E-02 
4.56858E+03 7.36783E-02 
4.56937E+03 8.52576E-02 
4.57015E+03 9.45823E-02 
4.57093E+03 8.49431E-02 
4.57171E+03 7.19745E-02 
4.57249E+03 6.96666E-02 
4.57327E+03 7.45718E-02 
4.57405E+03 7.29815E-02 
4.57483E+03 7.14048E-02 
4.57561E+03 7.06722E-02 
4.57639E+03 7.18277E-02 
4.57717E+03 7.17240E-02 
4.57795E+03 7.17664E-02 
4.57873E+03 7.19371E-02 
4.57951E+03 7.20661E-02 
4.58029E+03 7.27685E-02 
4.58107E+03 7.27392E-02 
4.58185E+03 7.16046E-02 
4.58263E+03 7.07868E-02 
4.58341E+03 7.09130E-02 
4.58419E+03 7.03965E-02 
4.58497E+03 6.31835E-02 
4.58575E+03 7.24401E-02 
4.58653E+03 7.07008E-02 
4.58731E+03 7.29732E-02 
4.58810E+03 7.31645E-02 
4.58888E+03 8.31668E-02 
4.58966E+03 1.02585E-01 
4.59044E+03 9.93363E-02 
4.59122E+03 8.25905E-02 
4.59200E+03 7.22426E-02 
4.59278E+03 7.01768E-02 
4.59356E+03 7.35328E-02 
4.59434E+03 8.72192E-02 
4.59512E+03 9.84990E-02 
4.59590E+03 1.05617E-01 
4.59668E+03 7.64710E-02 
4.59746E+03 7.30043E-02 
4.59824E+03 6.95580E-02 
4.59902E+03 7.20210E-02 
4.59980E+03 8.13402E-02 
4.60058E+03 9.15938E-02 
4.60136E+03 8.75556E-02 
4.60214E+03 7.78019E-02 
4.60292E+03 7.08778E-02 
4.60370E+03 7.11068E-02 
4.60448E+03 7.45829E-02 
4.60526E+03 8.21513E-02 
4.60604E+03 8.88060E-02 
4.60683E+03 8.57430E-02 
4.60761E+03 8.84894E-02 
4.60839E+03 1.00368E-01 
4.60917E+03 9.37624E-02 
4.60995E+03 7.75536E-02 
4.61073E+03 6.98891E-02 
4.61151E+03 7.24803E-02 
4.61229E+03 7.84457E-02 
4.61307E+03 8.00671E-02 
4.61385E+03 7.42312E-02 
4.61463E+03 7.41646E-02 
4.61541E+03 7.09368E-02 
4.61619E+03 7.06031E-02 
4.61697E+03 6.97679E-02 
4.61775E+03 7.06148E-02 
4.61853E+03 7.43200E-02 
4.61931E+03 8.01867E-02 
4.62009E+03 8.51759E-02 
4.62087E+03 8.15382E-02 
4.62165E+03 7.32842E-02 
4.62243E+03 6.88513E-02 
4.62321E+03 6.83749E-02 
4.62399E+03 7.06046E-02 
4.62477E+03 6.89742E-02 
4.62556E+03 6.87964E-02 
4.62634E+03 7.13040E-02 
4.62712E+03 7.18102E-02 
4.62790E+03 7.32307E-02 
4.62868E+03 9.36342E-02 
4.62946E+03 1.14588E-01 
4.63024E+03 1.00309E-01 
4.63102E+03 8.04271E-02 
4.63180E+03 1.06461E-01 
4.63258E+03 1.94645E-01 
4.63336E+03 2.28897E-01 
4.63414E+03 1.42101E-01 
4.63492E+03 7.87105E-02 
4.63570E+03 7.25882E-02 
4.63648E+03 8.78666E-02 
4.63726E+03 1.36737E-01 
4.63804E+03 1.86280E-01 
4.63882E+03 2.84529E-01 
4.63960E+03 4.35705E-01 
4.64038E+03 4.31289E-01 
4.64116E+03 2.88561E-01 
4.64194E+03 1.54947E-01 
4.64272E+03 8.57452E-02 
4.64350E+03 6.90385E-02 
4.64429E+03 6.85856E-02 
4.64507E+03 7.17269E-02 
4.64585E+03 8.05108E-02 
4.64663E+03 1.12782E-01 
4.64741E+03 2.18300E-01 
4.64819E+03 3.13283E-01 
4.64897E+03 2.56950E-01 
4.64975E+03 1.79177E-01 
4.65053E+03 1.29961E-01 
4.65131E+03 8.01117E-02 
4.65209E+03 6.90980E-02 
4.65287E+03 6.95168E-02 
4.65365E+03 7.05097E-02 
4.65443E+03 6.98747E-02 
4.65521E+03 7.48754E-02 
4.65599E+03 1.05726E-01 
4.65677E+03 1.57930E-01 
4.65755E+03 1.52991E-01 
4.65833E+03 9.75327E-02 
4.65911E+03 8.20105E-02 
4.65989E+03 1.22637E-01 
4.66067E+03 1.61413E-01 
4.66145E+03 1.22152E-01 
4.66223E+03 7.43868E-02 
4.66302E+03 6.73697E-02 
4.66380E+03 6.67854E-02 
4.66458E+03 6.85785E-02 
4.66536E+03 7.16038E-02 
4.66614E+03 7.19982E-02 
4.66692E+03 7.06055E-02 
4.66770E+03 7.07929E-02 
4.66848E+03 7.09634E-02 
4.66926E+03 6.90640E-02 
4.67004E+03 6.75000E-02 
4.67082E+03 6.75661E-02 
4.67160E+03 7.17593E-02 
4.67238E+03 8.03520E-02 
4.67316E+03 8.09481E-02 
4.67394E+03 8.49671E-02 
4.67472E+03 1.15829E-01 
4.67550E+03 1.27004E-01 
4.67628E+03 9.40341E-02 
4.67706E+03 7.33050E-02 
4.67784E+03 7.04780E-02 
4.67862E+03 6.80150E-02 
4.67940E+03 6.81548E-02 
4.68018E+03 6.98363E-02 
4.68096E+03 6.94978E-02 
4.68175E+03 7.02877E-02 
4.68253E+03 7.03800E-02 
4.68331E+03 7.31745E-02 
4.68409E+03 7.89715E-02 
4.68487E+03 8.41485E-02 
4.68565E+03 7.98102E-02 
4.68643E+03 7.42396E-02 
4.68721E+03 7.36921E-02 
4.68799E+03 7.39666E-02 
4.68877E+03 8.20353E-02 
4.68955E+03 8.41263E-02 
4.69033E+03 7.80672E-02 
4.69111E+03 7.97583E-02 
4.69189E+03 7.41514E-02 
4.69267E+03 7.72706E-02 
4.69345E+03 7.63182E-02 
4.69423E+03 8.16357E-02 
4.69501E+03 8.28179E-02 
4.69579E+03 7.76206E-02 
4.69657E+03 6.68466E-02 
4.69735E+03 7.24523E-02 
4.69813E+03 7.72719E-02 
4.69891E+03 7.38894E-02 
4.69969E+03 8.34759E-02 
4.70048E+03 9.88021E-02 
4.70126E+03 8.61627E-02 
4.70204E+03 6.84830E-02 
4.70282E+03 6.48462E-02 
4.70360E+03 6.62419E-02 
4.70438E+03 6.98318E-02 
4.70516E+03 6.60214E-02 
4.70594E+03 6.45859E-02 
4.70672E+03 6.57711E-02 
4.70750E+03 6.71868E-02 
4.70828E+03 7.39078E-02 
4.70906E+03 1.34058E-01 
4.70984E+03 3.78897E-01 
4.71062E+03 4.73671E-01 
4.71140E+03 3.89258E-01 
4.71218E+03 4.58613E-01 
4.71296E+03 2.63877E-01 
4.71374E+03 8.22552E-02 
4.71452E+03 6.46738E-02 
4.71530E+03 6.46314E-02 
4.71608E+03 6.12750E-02 
4.71686E+03 6.21923E-02 
4.71764E+03 6.17221E-02 
4.71843E+03 6.33073E-02 
4.71921E+03 6.14119E-02 
4.71999E+03 6.08625E-02 
4.72077E+03 6.17787E-02 
4.72155E+03 6.11052E-02 
4.72233E+03 6.08528E-02 
4.72311E+03 6.27790E-02 
4.72389E+03 6.24656E-02 
4.72467E+03 6.24632E-02 
4.72545E+03 6.02202E-02 
4.72623E+03 6.11300E-02 
4.72701E+03 6.09919E-02 
4.72779E+03 6.29313E-02 
4.72857E+03 6.45462E-02 
4.72935E+03 6.13197E-02 
4.73013E+03 6.17360E-02 
4.73091E+03 6.28347E-02 
4.73169E+03 6.34275E-02 
4.73247E+03 7.54341E-02 
4.73325E+03 7.61232E-02 
4.73403E+03 6.38277E-02 
4.73481E+03 6.19379E-02 
4.73559E+03 5.95439E-02 
4.73637E+03 6.28262E-02 
4.73716E+03 6.47323E-02 
4.73794E+03 1.33762E-01 
4.73872E+03 4.31938E-01 
4.73950E+03 4.64004E-01 
4.74028E+03 1.70211E-01 
4.74106E+03 7.12578E-02 
4.74184E+03 6.23524E-02 
4.74262E+03 6.26234E-02 
4.74340E+03 6.27659E-02 
4.74418E+03 6.22426E-02 
4.74496E+03 6.32474E-02 
4.74574E+03 6.16609E-02 
4.74652E+03 6.03793E-02 
4.74730E+03 6.11470E-02 
4.74808E+03 6.34187E-02 
4.74886E+03 6.10943E-02 
4.74964E+03 6.35459E-02 
4.75042E+03 5.98261E-02 
4.75120E+03 6.51061E-02 
4.75198E+03 6.61561E-02 
4.75276E+03 7.26676E-02 
4.75354E+03 7.95108E-02 
4.75432E+03 7.68233E-02 
4.75510E+03 7.09828E-02 
4.75589E+03 6.72859E-02 
4.75667E+03 6.35950E-02 
4.75745E+03 5.89935E-02 
4.75823E+03 5.96787E-02 
4.75901E+03 6.35969E-02 
4.75979E+03 6.49169E-02 
4.76057E+03 6.34810E-02 
4.76135E+03 6.65463E-02 
4.76213E+03 6.38534E-02 
4.76291E+03 6.12074E-02 
4.76369E+03 6.34681E-02 
4.76447E+03 6.17233E-02 
4.76525E+03 6.11917E-02 
4.76603E+03 6.19836E-02 
4.76681E+03 6.41843E-02 
4.76759E+03 6.99859E-02 
4.76837E+03 7.27786E-02 
4.76915E+03 7.02094E-02 
4.76993E+03 6.56350E-02 
4.77071E+03 6.46909E-02 
4.77149E+03 6.98134E-02 
4.77227E+03 6.69276E-02 
4.77305E+03 6.75254E-02 
4.77383E+03 6.23902E-02 
4.77462E+03 5.99322E-02 
4.77540E+03 6.35226E-02 
4.77618E+03 6.55370E-02 
4.77696E+03 6.78193E-02 
4.77774E+03 7.00236E-02 
4.77852E+03 7.04872E-02 
4.77930E+03 7.74324E-02 
4.78008E+03 7.40570E-02 
4.78086E+03 6.58032E-02 
4.78164E+03 6.59668E-02 
4.78242E+03 6.47410E-02 
4.78320E+03 6.89338E-02 
4.78398E+03 6.54192E-02 
4.78476E+03 6.54209E-02 
4.78554E+03 7.09902E-02 
4.78632E+03 7.96424E-02 
4.78710E+03 7.50085E-02 
4.78788E+03 7.22609E-02 
4.78866E+03 6.76898E-02 
4.78944E+03 6.73934E-02 
4.79022E+03 6.76746E-02 
4.79100E+03 6.57514E-02 
4.79178E+03 6.70683E-02 
4.79256E+03 6.99958E-02 
4.79335E+03 7.01941E-02 
4.79413E+03 7.05717E-02 
4.79491E+03 7.14652E-02 
4.79569E+03 6.86455E-02 
4.79647E+03 6.95197E-02 
4.79725E+03 6.85230E-02 
4.79803E+03 6.87513E-02 
4.79881E+03 6.94855E-02 
4.79959E+03 6.72496E-02 
4.80037E+03 7.23409E-02 
4.80115E+03 8.19213E-02 
4.80193E+03 9.08647E-02 
4.80271E+03 8.44530E-02 
4.80349E+03 7.16958E-02 
4.80427E+03 6.86347E-02 
4.80505E+03 6.92733E-02 
4.80583E+03 6.86835E-02 
4.80661E+03 6.76669E-02 
4.80739E+03 6.77170E-02 
4.80817E+03 6.86867E-02 
4.80895E+03 6.89837E-02 
4.80973E+03 6.93714E-02 
4.81051E+03 6.96321E-02 
4.81129E+03 6.90106E-02 
4.81208E+03 6.96466E-02 
4.81286E+03 7.15919E-02 
4.81364E+03 7.44966E-02 
4.81442E+03 7.66062E-02 
4.81520E+03 7.36800E-02 
4.81598E+03 7.08073E-02 
4.81676E+03 7.02899E-02 
4.81754E+03 6.97776E-02 
4.81832E+03 7.00254E-02 
4.81910E+03 7.11796E-02 
4.81988E+03 6.97326E-02 
4.82066E+03 6.93131E-02 
4.82144E+03 7.21162E-02 
4.82222E+03 7.30457E-02 
4.82300E+03 7.11085E-02 
4.82378E+03 7.33134E-02 
4.82456E+03 7.50176E-02 
4.82534E+03 7.35320E-02 
4.82612E+03 7.36540E-02 
4.82690E+03 7.18122E-02 
4.82768E+03 7.45523E-02 
4.82846E+03 7.55649E-02 
4.82924E+03 7.66929E-02 
4.83002E+03 7.85406E-02 
4.83081E+03 7.29964E-02 
4.83159E+03 7.39363E-02 
4.83237E+03 7.53487E-02 
4.83315E+03 7.57103E-02 
4.83393E+03 7.55215E-02 
4.83471E+03 7.62799E-02 
4.83549E+03 7.59564E-02 
4.83627E+03 7.55472E-02 
4.83705E+03 7.65604E-02 
4.83783E+03 7.89286E-02 
4.83861E+03 7.87486E-02 
4.83939E+03 7.90714E-02 
4.84017E+03 8.06266E-02 
4.84095E+03 8.32183E-02 
4.84173E+03 8.78316E-02 
4.84251E+03 8.80172E-02 
4.84329E+03 8.56048E-02 
4.84407E+03 8.48325E-02 
4.84485E+03 8.43218E-02 
4.84563E+03 8.72803E-02 
4.84641E+03 9.04288E-02 
4.84719E+03 9.13118E-02 
4.84797E+03 9.41028E-02 
4.84875E+03 9.57652E-02 
4.84954E+03 9.51405E-02 
4.85032E+03 9.67054E-02 
4.85110E+03 1.00068E-01 
4.85188E+03 1.00700E-01 
4.85266E+03 1.06169E-01 
4.85344E+03 1.09828E-01 
4.85422E+03 1.13209E-01 
4.85500E+03 1.28898E-01 
4.85578E+03 1.62404E-01 
4.85656E+03 1.92065E-01 
4.85734E+03 2.33691E-01 
4.85812E+03 1.18911E+00 
4.85890E+03 6.91738E+00 
4.85968E+03 1.71684E+01 
4.86046E+03 1.83714E+01 
4.86124E+03 1.38526E+01 
4.86202E+03 2.38701E+00 
4.86280E+03 2.84476E-01 
4.86358E+03 1.95486E-01 
4.86436E+03 1.88689E-01 
4.86514E+03 1.62074E-01 
4.86592E+03 1.30366E-01 
4.86670E+03 1.18440E-01 
4.86748E+03 1.15007E-01 
4.86827E+03 1.11168E-01 
4.86905E+03 1.08089E-01 
4.86983E+03 1.07472E-01 
4.87061E+03 1.07156E-01 
4.87139E+03 1.06437E-01 
4.87217E+03 1.07877E-01 
4.87295E+03 1.06596E-01 
4.87373E+03 9.97703E-02 
4.87451E+03 9.72181E-02 
4.87529E+03 9.66417E-02 
4.87607E+03 9.73813E-02 
4.87685E+03 9.34635E-02 
4.87763E+03 9.74072E-02 
4.87841E+03 1.01730E-01 
4.87919E+03 1.23858E-01 
4.87997E+03 1.43580E-01 
4.88075E+03 1.21407E-01 
4.88153E+03 9.61571E-02 
4.88231E+03 9.03405E-02 
4.88309E+03 8.86439E-02 
4.88387E+03 8.68861E-02 
4.88465E+03 8.57701E-02 
4.88543E+03 8.73414E-02 
4.88621E+03 8.44626E-02 
4.88700E+03 8.66112E-02 
4.88778E+03 8.63800E-02 
4.88856E+03 8.91397E-02 
4.88934E+03 9.60605E-02 
4.89012E+03 9.84322E-02 
4.89090E+03 9.07030E-02 
4.89168E+03 9.00805E-02 
4.89246E+03 8.65653E-02 
4.89324E+03 8.71664E-02 
4.89402E+03 9.08181E-02 
4.89480E+03 9.26848E-02 
4.89558E+03 9.29990E-02 
4.89636E+03 9.61130E-02 
4.89714E+03 9.86963E-02 
4.89792E+03 1.01728E-01 
4.89870E+03 9.77667E-02 
4.89948E+03 9.91305E-02 
4.90026E+03 1.01959E-01 
4.90104E+03 1.07964E-01 
4.90182E+03 1.11679E-01 
4.90260E+03 1.05650E-01 
4.90338E+03 1.01926E-01 
4.90416E+03 1.01410E-01 
4.90494E+03 1.17958E-01 
4.90573E+03 1.30053E-01 
4.90651E+03 1.17228E-01 
4.90729E+03 1.06028E-01 
4.90807E+03 1.04124E-01 
4.90885E+03 1.03955E-01 
4.90963E+03 1.07924E-01 
4.91041E+03 1.07278E-01 
4.91119E+03 1.10056E-01 
4.91197E+03 1.07756E-01 
4.91275E+03 1.06936E-01 
4.91353E+03 1.07107E-01 
4.91431E+03 1.08832E-01 
4.91509E+03 1.10492E-01 
4.91587E+03 1.10289E-01 
4.91665E+03 1.12661E-01 
4.91743E+03 1.12130E-01 
4.91821E+03 1.16134E-01 
4.91899E+03 1.37160E-01 
4.91977E+03 4.30898E-01 
4.92055E+03 9.22063E-01 
4.92133E+03 7.96492E-01 
4.92211E+03 3.30321E-01 
4.92289E+03 1.74238E-01 
4.92367E+03 1.57733E-01 
4.92446E+03 1.32122E-01 
4.92524E+03 1.20623E-01 
4.92602E+03 1.18499E-01 
4.92680E+03 1.17362E-01 
4.92758E+03 1.16382E-01 
4.92836E+03 1.19257E-01 
4.92914E+03 1.39240E-01 
4.92992E+03 1.60635E-01 
4.93070E+03 1.53030E-01 
4.93148E+03 1.30611E-01 
4.93226E+03 1.23724E-01 
4.93304E+03 1.24107E-01 
4.93382E+03 1.26866E-01 
4.93460E+03 1.24540E-01 
4.93538E+03 1.26214E-01 
4.93616E+03 1.30736E-01 
4.93694E+03 1.30527E-01 
4.93772E+03 1.31967E-01 
4.93850E+03 1.35650E-01 
4.93928E+03 1.37426E-01 
4.94006E+03 1.39462E-01 
4.94084E+03 1.42843E-01 
4.94162E+03 1.47848E-01 
4.94241E+03 1.47920E-01 
4.94319E+03 1.44661E-01 
4.94397E+03 1.49271E-01 
4.94475E+03 1.55825E-01 
4.94553E+03 1.62735E-01 
4.94631E+03 1.64449E-01 
4.94709E+03 1.63897E-01 
4.94787E+03 1.63306E-01 
4.94865E+03 1.69887E-01 
4.94943E+03 1.78291E-01 
4.95021E+03 1.81633E-01 
4.95099E+03 1.83472E-01 
4.95177E+03 1.94796E-01 
4.95255E+03 2.27387E-01 
4.95333E+03 2.97276E-01 
4.95411E+03 3.60194E-01 
4.95489E+03 4.29584E-01 
4.95567E+03 2.10172E+00 
4.95645E+03 1.11081E+01 
4.95723E+03 1.99144E+01 
4.95801E+03 2.14265E+01 
4.95879E+03 1.77891E+01 
4.95957E+03 7.87411E+00 
4.96035E+03 8.32320E-01 
4.96114E+03 3.68236E-01 
4.96192E+03 3.42648E-01 
4.96270E+03 3.05201E-01 
4.96348E+03 2.41241E-01 
4.96426E+03 2.07582E-01 
4.96504E+03 1.96498E-01 
4.96582E+03 1.96493E-01 
4.96660E+03 1.95401E-01 
4.96738E+03 1.93543E-01 
4.96816E+03 1.88047E-01 
4.96894E+03 1.86774E-01 
4.96972E+03 1.89602E-01 
4.97050E+03 1.88681E-01 
4.97128E+03 1.82889E-01 
4.97206E+03 1.80097E-01 
4.97284E+03 1.77475E-01 
4.97362E+03 1.77159E-01 
4.97440E+03 1.80576E-01 
4.97518E+03 1.81929E-01 
4.97596E+03 1.81592E-01 
4.97674E+03 1.80355E-01 
4.97752E+03 1.80897E-01 
4.97830E+03 1.82256E-01 
4.97908E+03 1.81297E-01 
4.97987E+03 1.83996E-01 
4.98065E+03 1.91231E-01 
4.98143E+03 1.94542E-01 
4.98221E+03 1.96600E-01 
4.98299E+03 1.98878E-01 
4.98377E+03 2.03270E-01 
4.98455E+03 2.08569E-01 
4.98533E+03 2.12821E-01 
