3.61166E+03 0.00000E+00 
3.61244E+03 3.83737E-02 
3.61322E+03 3.79469E-02 
3.61400E+03 3.07820E-02 
3.61478E+03 -7.66620E-02 
3.61556E+03 -4.24381E-02 
3.61634E+03 8.55542E-02 
3.61712E+03 -3.80591E-02 
3.61790E+03 -9.20779E-02 
3.61868E+03 5.75902E-01 
3.61946E+03 4.89622E-01 
3.62024E+03 5.24961E-01 
3.62102E+03 5.25027E-01 
3.62180E+03 5.79977E-01 
3.62258E+03 4.75766E-01 
3.62336E+03 5.11325E-01 
3.62414E+03 5.30648E-01 
3.62492E+03 5.04121E-01 
3.62570E+03 5.22001E-01 
3.62648E+03 5.49823E-01 
3.62726E+03 5.21490E-01 
3.62804E+03 5.08888E-01 
3.62883E+03 5.30376E-01 
3.62961E+03 4.86291E-01 
3.63039E+03 5.56970E-01 
3.63117E+03 6.38650E-01 
3.63195E+03 8.10533E-01 
3.63273E+03 7.83280E-01 
3.63351E+03 5.95311E-01 
3.63429E+03 4.88157E-01 
3.63507E+03 5.39729E-01 
3.63585E+03 4.93221E-01 
3.63663E+03 5.93037E-01 
3.63741E+03 5.06263E-01 
3.63819E+03 5.57406E-01 
3.63897E+03 5.91617E-01 
3.63975E+03 5.31226E-01 
3.64053E+03 5.20434E-01 
3.64131E+03 5.48155E-01 
3.64209E+03 5.37918E-01 
3.64287E+03 5.74662E-01 
3.64365E+03 4.92845E-01 
3.64443E+03 6.03445E-01 
3.64521E+03 4.70316E-01 
3.64599E+03 5.40539E-01 
3.64677E+03 4.70895E-01 
3.64755E+03 5.58250E-01 
3.64833E+03 4.71483E-01 
3.64911E+03 4.05315E-01 
3.64989E+03 4.27263E-01 
3.65067E+03 4.37887E-01 
3.65145E+03 4.81591E-01 
3.65223E+03 3.67465E-01 
3.65301E+03 3.33460E-01 
3.65379E+03 4.32547E-01 
3.65457E+03 3.56719E-01 
3.65535E+03 3.64544E-01 
3.65613E+03 2.79313E-01 
3.65691E+03 3.15931E-01 
3.65769E+03 2.76309E-01 
3.65847E+03 3.63220E-01 
3.65925E+03 3.38815E-01 
3.66003E+03 4.14189E-01 
3.66081E+03 3.76145E-01 
3.66159E+03 3.79342E-01 
3.66238E+03 3.15948E-01 
3.66316E+03 3.23878E-01 
3.66394E+03 3.00349E-01 
3.66472E+03 2.35530E-01 
3.66550E+03 3.59085E-01 
3.66628E+03 2.84303E-01 
3.66706E+03 2.87963E-01 
3.66784E+03 2.71924E-01 
3.66862E+03 2.44713E-01 
3.66940E+03 2.67078E-01 
3.67018E+03 3.36446E-01 
3.67096E+03 2.09323E-01 
3.67174E+03 3.20896E-01 
3.67252E+03 3.16720E-01 
3.67330E+03 1.94614E-01 
3.67408E+03 2.30657E-01 
3.67486E+03 3.73939E-01 
3.67564E+03 2.55162E-01 
3.67642E+03 1.67235E-01 
3.67720E+03 3.65533E-01 
3.67798E+03 3.52634E-01 
3.67876E+03 1.05848E-01 
3.67954E+03 1.05440E-01 
3.68032E+03 3.61320E-01 
3.68110E+03 4.57475E-01 
3.68188E+03 3.43742E-01 
3.68266E+03 1.45674E-01 
3.68344E+03 3.91521E-02 
3.68422E+03 1.66507E-01 
3.68500E+03 5.01392E-01 
3.68578E+03 3.58157E-01 
3.68656E+03 1.43542E-01 
3.68734E+03 7.20744E-02 
3.68812E+03 6.92600E-02 
3.68890E+03 1.88686E-01 
3.68968E+03 5.01740E-01 
3.69046E+03 4.51231E-01 
3.69124E+03 1.72730E-01 
3.69202E+03 1.63070E-01 
3.69280E+03 2.21195E-01 
3.69358E+03 1.48148E-01 
3.69436E+03 2.01431E-01 
3.69515E+03 6.10522E-01 
3.69593E+03 5.52635E-01 
3.69671E+03 1.85890E-01 
3.69749E+03 1.14081E-01 
3.69827E+03 3.51257E-02 
3.69905E+03 4.54287E-02 
3.69983E+03 8.95605E-02 
3.70061E+03 1.69059E-01 
3.70139E+03 4.80185E-01 
3.70217E+03 9.00274E-01 
3.70295E+03 1.04491E+00 
3.70373E+03 6.28196E-01 
3.70451E+03 2.28798E-01 
3.70529E+03 1.74483E-01 
3.70607E+03 1.96697E-01 
3.70685E+03 1.05026E-01 
3.70763E+03 1.58395E-01 
3.70841E+03 1.06539E-01 
3.70919E+03 2.22483E-01 
3.70997E+03 7.60710E-01 
3.71075E+03 9.26509E-01 
3.71153E+03 4.21071E-01 
3.71231E+03 1.75678E-01 
3.71309E+03 1.00027E-01 
3.71387E+03 1.44495E-01 
3.71465E+03 9.68976E-02 
3.71543E+03 1.26923E-01 
3.71621E+03 8.28276E-02 
3.71699E+03 1.49963E-01 
3.71777E+03 9.73486E-02 
3.71855E+03 1.16244E-01 
3.71933E+03 4.46695E-01 
3.72011E+03 1.49123E+00 
3.72089E+03 1.25331E+00 
3.72167E+03 2.67102E-01 
3.72245E+03 1.58836E-01 
3.72323E+03 1.03709E+00 
3.72401E+03 7.01034E+00 
3.72479E+03 9.84270E+00 
3.72557E+03 3.66865E+00 
3.72635E+03 1.86103E+00 
3.72713E+03 4.70769E+00 
3.72791E+03 3.75811E+00 
3.72870E+03 6.06083E-01 
3.72948E+03 6.38126E-02 
3.73026E+03 5.28646E-02 
3.73104E+03 7.11282E-02 
3.73182E+03 3.33749E-01 
3.73260E+03 1.21889E+00 
3.73338E+03 1.23618E+00 
3.73416E+03 2.61784E-01 
3.73494E+03 1.11175E-01 
3.73572E+03 5.66812E-02 
3.73650E+03 1.13998E-01 
3.73728E+03 7.91471E-02 
3.73806E+03 5.04278E-02 
3.73884E+03 6.87458E-02 
3.73962E+03 8.40280E-02 
3.74040E+03 9.83371E-02 
3.74118E+03 4.02770E-02 
3.74196E+03 6.60548E-02 
3.74274E+03 4.44800E-02 
3.74352E+03 8.75127E-02 
3.74430E+03 1.34280E-01 
3.74508E+03 9.86552E-02 
3.74586E+03 7.67146E-02 
3.74664E+03 9.64764E-02 
3.74742E+03 2.45102E-01 
3.74820E+03 1.26692E+00 
3.74898E+03 1.68026E+00 
3.74976E+03 5.73930E-01 
3.75054E+03 1.24121E-01 
3.75132E+03 5.81561E-02 
3.75210E+03 7.22295E-02 
3.75288E+03 7.22892E-02 
3.75366E+03 8.11035E-02 
3.75444E+03 1.40968E-01 
3.75522E+03 1.40408E-01 
3.75600E+03 1.15694E-01 
3.75678E+03 1.13867E-01 
3.75756E+03 5.54620E-02 
3.75834E+03 9.09070E-02 
3.75912E+03 1.11603E-01 
3.75990E+03 6.13562E-02 
3.76068E+03 1.09606E-01 
3.76146E+03 1.02275E-01 
3.76225E+03 8.45396E-02 
3.76303E+03 5.80472E-02 
3.76381E+03 8.86469E-02 
3.76459E+03 1.03292E-01 
3.76537E+03 2.07270E-02 
3.76615E+03 9.50660E-02 
3.76693E+03 1.23762E-01 
3.76771E+03 1.37192E-01 
3.76849E+03 9.57223E-01 
3.76927E+03 2.09149E+00 
3.77005E+03 1.12432E+00 
3.77083E+03 1.57936E-01 
3.77161E+03 1.45812E-01 
3.77239E+03 1.05762E-01 
3.77317E+03 1.17871E-01 
3.77395E+03 9.81217E-02 
3.77473E+03 1.00051E-01 
3.77551E+03 1.68147E-01 
3.77629E+03 7.45243E-02 
3.77707E+03 8.32161E-02 
3.77785E+03 6.99027E-02 
3.77863E+03 3.19021E-02 
3.77941E+03 8.05451E-03 
3.78019E+03 2.24389E-02 
3.78097E+03 4.07414E-02 
3.78175E+03 7.39290E-02 
3.78253E+03 8.91648E-02 
3.78331E+03 8.78022E-02 
3.78409E+03 7.86062E-02 
3.78487E+03 7.66288E-02 
3.78565E+03 4.61198E-02 
3.78643E+03 1.45365E-02 
3.78721E+03 1.05323E-01 
3.78799E+03 9.34476E-02 
3.78877E+03 9.08872E-02 
3.78955E+03 9.18599E-02 
3.79033E+03 6.26058E-02 
3.79111E+03 1.09951E-01 
3.79189E+03 1.15752E-01 
3.79267E+03 8.83802E-02 
3.79345E+03 8.20240E-02 
3.79423E+03 4.36048E-02 
3.79501E+03 1.91927E-01 
3.79580E+03 1.16936E+00 
3.79658E+03 2.72574E+00 
3.79736E+03 1.73137E+00 
3.79814E+03 2.09406E-01 
3.79892E+03 1.03196E-01 
3.79970E+03 8.36493E-02 
3.80048E+03 9.16163E-02 
3.80126E+03 9.72304E-02 
3.80204E+03 9.95457E-02 
3.80282E+03 4.90655E-02 
3.80360E+03 1.25665E-01 
3.80438E+03 7.99383E-02 
3.80516E+03 9.24531E-02 
3.80594E+03 3.87522E-02 
3.80672E+03 4.74736E-02 
3.80750E+03 1.04727E-01 
3.80828E+03 7.11179E-02 
3.80906E+03 6.48862E-02 
3.80984E+03 4.29256E-02 
3.81062E+03 6.38264E-02 
3.81140E+03 7.73959E-02 
3.81218E+03 1.12001E-01 
3.81296E+03 4.09505E-02 
3.81374E+03 3.16670E-02 
3.81452E+03 1.02459E-01 
3.81530E+03 9.00435E-02 
3.81608E+03 1.40909E-01 
3.81686E+03 1.19288E-01 
3.81764E+03 5.14836E-01 
3.81842E+03 9.36628E-01 
3.81920E+03 4.93499E-01 
3.81998E+03 9.24393E-02 
3.82076E+03 1.01607E-01 
3.82154E+03 5.61258E-02 
3.82232E+03 7.61489E-02 
3.82310E+03 8.66977E-02 
3.82388E+03 7.40330E-02 
3.82466E+03 6.66484E-02 
3.82544E+03 7.38431E-02 
3.82622E+03 8.24193E-02 
3.82700E+03 7.68658E-02 
3.82778E+03 1.22536E-01 
3.82856E+03 1.05295E-01 
3.82935E+03 1.22094E-01 
3.83013E+03 9.68605E-02 
3.83091E+03 1.35437E-01 
3.83169E+03 1.27200E-01 
3.83247E+03 1.70849E-01 
3.83325E+03 1.34676E+00 
3.83403E+03 3.97217E+00 
3.83481E+03 3.08005E+00 
3.83559E+03 5.34493E-01 
3.83637E+03 1.01512E-01 
3.83715E+03 1.38768E-01 
3.83793E+03 1.23948E-01 
3.83871E+03 7.16207E-02 
3.83949E+03 8.29919E-02 
3.84027E+03 5.53022E-02 
3.84105E+03 3.81515E-02 
3.84183E+03 8.43543E-02 
3.84261E+03 1.18022E-01 
3.84339E+03 1.02847E-01 
3.84417E+03 1.28039E-01 
3.84495E+03 1.01958E-01 
3.84573E+03 1.11537E-01 
3.84651E+03 1.08291E-01 
3.84729E+03 8.82686E-02 
3.84807E+03 9.37342E-02 
3.84885E+03 8.13165E-02 
3.84963E+03 7.94174E-02 
3.85041E+03 7.94414E-02 
3.85119E+03 8.41733E-02 
3.85197E+03 6.77789E-02 
3.85275E+03 7.10788E-02 
3.85353E+03 9.48521E-02 
3.85431E+03 1.40534E-01 
3.85509E+03 1.22119E-01 
3.85587E+03 9.43170E-02 
3.85665E+03 8.70196E-02 
3.85743E+03 5.99139E-02 
3.85821E+03 8.23094E-02 
3.85899E+03 1.03688E-01 
3.85977E+03 8.45915E-02 
3.86055E+03 9.91554E-02 
3.86133E+03 1.07492E-01 
3.86212E+03 1.55306E-01 
3.86290E+03 1.81545E-01 
3.86368E+03 1.19500E-01 
3.86446E+03 1.34293E-01 
3.86524E+03 1.87805E-01 
3.86602E+03 8.57273E-01 
3.86680E+03 1.16209E+01 
3.86758E+03 2.95354E+01 
3.86836E+03 1.89206E+01 
3.86914E+03 1.98124E+00 
3.86992E+03 2.04348E-01 
3.87070E+03 2.11967E-01 
3.87148E+03 1.59329E-01 
3.87226E+03 1.07112E-01 
3.87304E+03 1.14749E-01 
3.87382E+03 1.43729E-01 
3.87460E+03 1.17036E-01 
3.87538E+03 1.45760E-01 
3.87616E+03 6.34736E-02 
3.87694E+03 6.63218E-02 
3.87772E+03 1.06009E-01 
3.87850E+03 1.18544E-01 
3.87928E+03 1.24377E-01 
3.88006E+03 1.20770E-01 
3.88084E+03 1.06505E-01 
3.88162E+03 1.29962E-01 
3.88240E+03 9.10443E-02 
3.88318E+03 6.12620E-02 
3.88396E+03 9.75297E-02 
3.88474E+03 7.86773E-02 
3.88552E+03 1.41313E-01 
3.88630E+03 6.94031E-01 
3.88708E+03 5.42256E+00 
3.88786E+03 1.00250E+01 
3.88864E+03 5.25991E+00 
3.88942E+03 5.48485E-01 
3.89020E+03 1.09410E-01 
3.89098E+03 1.19796E-01 
3.89176E+03 1.00520E-01 
3.89254E+03 5.02533E-02 
3.89332E+03 8.31890E-02 
3.89410E+03 8.81775E-02 
3.89489E+03 7.42765E-02 
3.89567E+03 1.52609E-01 
3.89645E+03 7.40943E-02 
3.89723E+03 5.55155E-02 
3.89801E+03 7.48584E-02 
3.89879E+03 4.05006E-02 
3.89957E+03 9.97070E-02 
3.90035E+03 8.37225E-02 
3.90113E+03 6.91817E-02 
3.90191E+03 7.20870E-02 
3.90269E+03 9.33961E-02 
3.90347E+03 7.31362E-02 
3.90425E+03 9.18903E-02 
3.90503E+03 5.73690E-02 
3.90581E+03 7.22901E-02 
3.90659E+03 1.09518E-01 
3.90737E+03 4.56834E-02 
3.90815E+03 5.11789E-02 
3.90893E+03 2.48740E-02 
3.90971E+03 8.67897E-02 
3.91049E+03 7.37042E-02 
3.91127E+03 1.04488E-01 
3.91205E+03 7.80806E-02 
3.91283E+03 1.03614E-01 
3.91361E+03 9.47429E-02 
3.91439E+03 7.75093E-02 
3.91517E+03 7.14365E-02 
3.91595E+03 3.38897E-02 
3.91673E+03 2.98390E-02 
3.91751E+03 7.90664E-02 
3.91829E+03 7.02559E-02 
3.91907E+03 7.60935E-02 
3.91985E+03 1.33682E-01 
3.92063E+03 9.08140E-02 
3.92141E+03 8.37524E-02 
3.92219E+03 1.03783E-01 
3.92297E+03 4.52263E-02 
3.92375E+03 4.73766E-02 
3.92453E+03 1.03257E-01 
3.92531E+03 1.37301E-01 
3.92609E+03 1.19475E-01 
3.92687E+03 1.09847E-01 
3.92765E+03 1.08399E-01 
3.92844E+03 7.12232E-02 
3.92922E+03 8.61866E-02 
3.93000E+03 5.29074E-02 
3.93078E+03 6.46971E-02 
3.93156E+03 7.69676E-02 
3.93234E+03 5.42508E-02 
3.93312E+03 4.54741E-02 
3.93390E+03 2.76976E-02 
3.93468E+03 7.47638E-02 
3.93546E+03 1.03940E-01 
3.93624E+03 7.99519E-02 
3.93702E+03 6.69627E-02 
3.93780E+03 6.68386E-02 
3.93858E+03 6.75346E-02 
3.93936E+03 6.36376E-02 
3.94014E+03 5.95349E-02 
3.94092E+03 5.26403E-02 
3.94170E+03 5.61724E-02 
3.94248E+03 5.07054E-02 
3.94326E+03 5.66576E-02 
3.94404E+03 8.26438E-02 
3.94482E+03 7.71471E-02 
3.94560E+03 3.63545E-02 
3.94638E+03 6.43763E-02 
3.94716E+03 7.51454E-02 
3.94794E+03 7.82806E-02 
3.94872E+03 7.73482E-02 
3.94950E+03 1.10317E-01 
3.95028E+03 8.31266E-02 
3.95106E+03 1.07948E-01 
3.95184E+03 7.97366E-02 
3.95262E+03 6.93614E-02 
3.95340E+03 6.99789E-02 
3.95418E+03 7.85261E-02 
3.95496E+03 3.90692E-02 
3.95574E+03 6.45418E-02 
3.95652E+03 7.50631E-02 
3.95730E+03 8.22901E-02 
3.95808E+03 9.73682E-02 
3.95886E+03 1.18900E-01 
3.95964E+03 1.04850E-01 
3.96042E+03 8.81700E-02 
3.96120E+03 8.53061E-02 
3.96199E+03 9.86908E-02 
3.96277E+03 2.74890E-01 
3.96355E+03 6.62750E-01 
3.96433E+03 5.68413E-01 
3.96511E+03 8.95543E-01 
3.96589E+03 6.25997E+00 
3.96667E+03 9.31255E+00 
3.96745E+03 3.64415E+00 
3.96823E+03 3.89523E+00 
3.96901E+03 8.98469E+00 
3.96979E+03 5.71702E+00 
3.97057E+03 7.14996E-01 
3.97135E+03 1.07156E-01 
3.97213E+03 9.32755E-02 
3.97291E+03 9.19995E-02 
3.97369E+03 9.80641E-02 
3.97447E+03 9.26904E-02 
3.97525E+03 8.46343E-02 
3.97603E+03 4.94962E-02 
3.97681E+03 1.18449E-01 
3.97759E+03 7.91087E-02 
3.97837E+03 6.28185E-02 
3.97915E+03 7.79770E-02 
3.97993E+03 6.06570E-02 
3.98071E+03 1.22762E-01 
3.98149E+03 1.00727E-01 
3.98227E+03 8.36387E-02 
3.98305E+03 7.19798E-02 
3.98383E+03 6.83968E-02 
3.98461E+03 9.34960E-02 
3.98539E+03 1.04230E-01 
3.98617E+03 9.23838E-02 
3.98695E+03 6.25594E-02 
3.98773E+03 1.00123E-01 
3.98851E+03 1.13217E-01 
3.98929E+03 5.42420E-02 
3.99007E+03 6.54315E-02 
3.99085E+03 5.85665E-02 
3.99163E+03 8.49707E-02 
3.99241E+03 8.89646E-02 
3.99319E+03 8.53465E-02 
3.99397E+03 7.35718E-02 
3.99475E+03 7.98203E-02 
3.99554E+03 5.29371E-02 
3.99632E+03 9.39966E-02 
3.99710E+03 1.20034E-01 
3.99788E+03 1.02561E-01 
3.99866E+03 2.45017E-02 
3.99944E+03 2.84363E-02 
4.00022E+03 4.52774E-02 
4.00100E+03 6.46401E-02 
4.00178E+03 8.83522E-02 
4.00256E+03 9.71141E-02 
4.00334E+03 1.02783E-01 
4.00412E+03 9.06214E-02 
4.00490E+03 4.08822E-02 
4.00568E+03 5.23904E-02 
4.00646E+03 7.47464E-02 
4.00724E+03 1.18193E-01 
4.00802E+03 1.91112E-01 
4.00880E+03 1.11162E-01 
4.00958E+03 8.59935E-02 
4.01036E+03 7.27169E-02 
4.01114E+03 5.48616E-02 
4.01192E+03 6.16924E-02 
4.01270E+03 7.06051E-02 
4.01348E+03 7.34735E-02 
4.01426E+03 6.65264E-02 
4.01504E+03 4.55009E-02 
4.01582E+03 9.22814E-02 
4.01660E+03 6.91695E-02 
4.01738E+03 7.51615E-02 
4.01816E+03 5.98342E-02 
4.01894E+03 9.22226E-02 
4.01972E+03 6.38198E-02 
4.02050E+03 6.25703E-02 
4.02128E+03 6.05644E-02 
4.02206E+03 7.08028E-02 
4.02284E+03 5.43756E-02 
4.02362E+03 9.99292E-02 
4.02440E+03 6.17102E-01 
4.02518E+03 1.44729E+00 
4.02596E+03 9.20392E-01 
4.02674E+03 1.73499E-01 
4.02752E+03 6.69380E-02 
4.02830E+03 8.04458E-02 
4.02909E+03 9.93444E-02 
4.02987E+03 6.33222E-02 
4.03065E+03 7.22192E-02 
4.03143E+03 7.39942E-02 
4.03221E+03 4.87419E-02 
4.03299E+03 6.10692E-02 
4.03377E+03 1.02708E-01 
4.03455E+03 6.98795E-02 
4.03533E+03 7.56489E-02 
4.03611E+03 6.09228E-02 
4.03689E+03 7.76927E-02 
4.03767E+03 7.48757E-02 
4.03845E+03 7.61566E-02 
4.03923E+03 7.16683E-02 
4.04001E+03 7.96195E-02 
4.04079E+03 9.27748E-02 
4.04157E+03 7.88462E-02 
4.04235E+03 1.04474E-01 
4.04313E+03 7.43894E-02 
4.04391E+03 9.56429E-02 
4.04469E+03 6.82570E-02 
4.04547E+03 7.32349E-02 
4.04625E+03 4.33397E-02 
4.04703E+03 5.74024E-02 
4.04781E+03 7.56670E-02 
4.04859E+03 7.75228E-02 
4.04937E+03 9.15329E-02 
4.05015E+03 8.13022E-02 
4.05093E+03 6.72739E-02 
4.05171E+03 4.84239E-02 
4.05249E+03 7.43601E-02 
4.05327E+03 7.79552E-02 
4.05405E+03 7.72864E-02 
4.05483E+03 7.80116E-02 
4.05561E+03 7.81565E-02 
4.05639E+03 8.63829E-02 
4.05717E+03 7.89363E-02 
4.05795E+03 7.90271E-02 
4.05873E+03 9.81397E-02 
4.05951E+03 6.37707E-02 
4.06029E+03 1.22258E-01 
4.06107E+03 6.17856E-02 
4.06185E+03 5.24533E-02 
4.06264E+03 7.02778E-02 
4.06342E+03 7.89119E-02 
4.06420E+03 8.12817E-02 
4.06498E+03 9.07675E-02 
4.06576E+03 1.10611E-01 
4.06654E+03 1.81436E-01 
4.06732E+03 5.28219E-01 
4.06810E+03 5.98212E-01 
4.06888E+03 3.34423E-01 
4.06966E+03 1.78334E-01 
4.07044E+03 1.50333E-01 
4.07122E+03 2.26487E-01 
4.07200E+03 1.66788E-01 
4.07278E+03 8.01384E-02 
4.07356E+03 1.09538E-01 
4.07434E+03 2.40762E-01 
4.07512E+03 4.11680E-01 
4.07590E+03 2.47080E-01 
4.07668E+03 1.08295E-01 
4.07746E+03 1.06367E-01 
4.07824E+03 9.09271E-02 
4.07902E+03 4.24554E-02 
4.07980E+03 7.25549E-02 
4.08058E+03 7.63478E-02 
4.08136E+03 5.45604E-02 
4.08214E+03 8.00257E-02 
4.08292E+03 8.16132E-02 
4.08370E+03 1.19457E-01 
4.08448E+03 1.12770E-01 
4.08526E+03 9.12152E-02 
4.08604E+03 8.84671E-02 
4.08682E+03 8.00198E-02 
4.08760E+03 1.11948E-01 
4.08838E+03 1.74881E-01 
4.08916E+03 1.25086E-01 
4.08994E+03 6.12005E-02 
4.09072E+03 7.39440E-02 
4.09150E+03 1.04483E-01 
4.09228E+03 1.09398E-01 
4.09306E+03 1.03693E-01 
4.09384E+03 1.16546E-01 
4.09462E+03 1.21182E-01 
4.09541E+03 2.19882E-01 
4.09619E+03 5.01079E-01 
4.09697E+03 3.65211E-01 
4.09775E+03 1.54981E-01 
4.09853E+03 1.19103E-01 
4.09931E+03 1.06452E+00 
4.10009E+03 9.06716E+00 
4.10087E+03 1.48001E+01 
4.10165E+03 6.67761E+00 
4.10243E+03 9.28125E-01 
4.10321E+03 2.72554E-01 
4.10399E+03 1.90276E-01 
4.10477E+03 1.06205E-01 
4.10555E+03 8.01280E-02 
4.10633E+03 1.10003E-01 
4.10711E+03 9.17115E-02 
4.10789E+03 9.30527E-02 
4.10867E+03 1.00111E-01 
4.10945E+03 1.33526E-01 
4.11023E+03 1.13102E-01 
4.11101E+03 8.14492E-02 
4.11179E+03 9.04182E-02 
4.11257E+03 8.54621E-02 
4.11335E+03 6.93925E-02 
4.11413E+03 9.04671E-02 
4.11491E+03 8.30094E-02 
4.11569E+03 5.13292E-02 
4.11647E+03 4.94663E-02 
4.11725E+03 8.88380E-02 
4.11803E+03 1.19564E-01 
4.11881E+03 1.64414E-01 
4.11959E+03 2.42991E-01 
4.12037E+03 2.06679E-01 
4.12115E+03 1.24092E-01 
4.12193E+03 5.51828E-02 
4.12271E+03 4.17266E-02 
4.12349E+03 5.86395E-02 
4.12427E+03 9.46816E-02 
4.12505E+03 6.01027E-02 
4.12583E+03 4.96675E-02 
4.12661E+03 6.01088E-02 
4.12739E+03 1.12662E-01 
4.12817E+03 7.14485E-02 
4.12896E+03 6.66291E-02 
4.12974E+03 8.59082E-02 
4.13052E+03 7.94494E-02 
4.13130E+03 1.11464E-01 
4.13208E+03 1.25827E-01 
4.13286E+03 1.27320E-01 
4.13364E+03 6.20539E-02 
4.13442E+03 8.63948E-02 
4.13520E+03 8.42368E-02 
4.13598E+03 6.96412E-02 
4.13676E+03 6.82480E-02 
4.13754E+03 8.22296E-02 
4.13832E+03 6.26598E-02 
4.13910E+03 1.06976E-01 
4.13988E+03 8.34182E-02 
4.14066E+03 6.40882E-02 
4.14144E+03 1.13067E-01 
4.14222E+03 2.39770E-01 
4.14300E+03 3.09913E-01 
4.14378E+03 1.68525E-01 
4.14456E+03 1.08108E-01 
4.14534E+03 9.17571E-02 
4.14612E+03 6.24044E-02 
4.14690E+03 6.31844E-02 
4.14768E+03 6.14921E-02 
4.14846E+03 5.99896E-02 
4.14924E+03 3.89422E-02 
4.15002E+03 8.63829E-02 
4.15080E+03 8.03477E-02 
4.15158E+03 9.45706E-02 
4.15236E+03 1.41046E-01 
4.15314E+03 1.12616E-01 
4.15392E+03 1.04131E-01 
4.15470E+03 9.41656E-02 
4.15548E+03 1.08744E-01 
4.15626E+03 1.06068E-01 
4.15704E+03 9.26631E-02 
4.15782E+03 3.61362E-02 
4.15860E+03 6.52230E-02 
4.15938E+03 4.86627E-02 
4.16016E+03 5.51099E-02 
4.16094E+03 4.06894E-02 
4.16173E+03 5.49916E-02 
4.16251E+03 5.94885E-02 
4.16329E+03 7.14733E-02 
4.16407E+03 7.94286E-02 
4.16485E+03 7.94551E-02 
4.16563E+03 7.11780E-02 
4.16641E+03 7.06206E-02 
4.16719E+03 7.82602E-02 
4.16797E+03 1.12331E-01 
4.16875E+03 1.28047E-01 
4.16953E+03 6.88703E-02 
4.17031E+03 6.93498E-02 
4.17109E+03 8.44972E-02 
4.17187E+03 6.84390E-02 
4.17265E+03 7.11292E-02 
4.17343E+03 8.19589E-02 
4.17421E+03 7.45170E-02 
4.17499E+03 5.15999E-02 
4.17577E+03 6.64436E-02 
4.17655E+03 6.34562E-02 
4.17733E+03 8.96438E-02 
4.17811E+03 8.28544E-02 
4.17889E+03 6.61929E-02 
4.17967E+03 9.63748E-02 
4.18045E+03 1.03327E-01 
4.18123E+03 6.61111E-02 
4.18201E+03 4.54785E-02 
4.18279E+03 8.06179E-02 
4.18357E+03 6.10949E-02 
4.18435E+03 9.36127E-02 
4.18513E+03 5.99013E-02 
4.18591E+03 7.34862E-02 
4.18669E+03 6.14482E-02 
4.18747E+03 7.90618E-02 
4.18825E+03 8.27179E-02 
4.18903E+03 1.04502E-01 
4.18981E+03 9.96286E-02 
4.19059E+03 9.47442E-02 
4.19137E+03 6.32400E-02 
4.19215E+03 9.64700E-02 
4.19293E+03 6.73720E-02 
4.19371E+03 3.93019E-02 
4.19449E+03 5.82258E-02 
4.19527E+03 9.69414E-02 
4.19606E+03 7.54002E-02 
4.19684E+03 8.52826E-02 
4.19762E+03 6.69419E-02 
4.19840E+03 7.27853E-02 
4.19918E+03 8.40327E-02 
4.19996E+03 8.67829E-02 
4.20074E+03 8.20384E-02 
4.20152E+03 4.52096E-02 
4.20230E+03 5.37654E-02 
4.20308E+03 7.92914E-02 
4.20386E+03 8.62874E-02 
4.20464E+03 7.39354E-02 
4.20542E+03 5.10234E-02 
4.20620E+03 8.91483E-02 
4.20698E+03 8.36102E-02 
4.20776E+03 5.72131E-02 
4.20854E+03 5.56641E-02 
4.20932E+03 5.98234E-02 
4.21010E+03 6.55014E-02 
4.21088E+03 7.34341E-02 
4.21166E+03 1.02571E-01 
4.21244E+03 9.33623E-02 
4.21322E+03 5.32349E-02 
4.21400E+03 6.04394E-02 
4.21478E+03 6.36678E-02 
4.21556E+03 8.32444E-02 
4.21634E+03 6.23208E-02 
4.21712E+03 4.68433E-02 
4.21790E+03 7.19512E-02 
4.21868E+03 9.74876E-02 
4.21946E+03 7.58825E-02 
4.22024E+03 7.96565E-02 
4.22102E+03 7.78208E-02 
4.22180E+03 8.66366E-02 
4.22258E+03 8.04919E-02 
4.22336E+03 6.87288E-02 
4.22414E+03 7.19816E-02 
4.22492E+03 6.88170E-02 
4.22570E+03 7.83523E-02 
4.22648E+03 4.91078E-02 
4.22726E+03 8.03196E-02 
4.22804E+03 9.36777E-02 
4.22883E+03 7.02355E-02 
4.22961E+03 8.63222E-02 
4.23039E+03 7.86229E-02 
4.23117E+03 8.07799E-02 
4.23195E+03 7.05398E-02 
4.23273E+03 7.36259E-02 
4.23351E+03 6.78047E-02 
4.23429E+03 5.77522E-02 
4.23507E+03 5.68217E-02 
4.23585E+03 8.72873E-02 
4.23663E+03 1.21992E-01 
4.23741E+03 8.97017E-02 
4.23819E+03 7.34215E-02 
4.23897E+03 9.07076E-02 
4.23975E+03 1.20012E-01 
4.24053E+03 9.00323E-02 
4.24131E+03 6.66886E-02 
4.24209E+03 9.29821E-02 
4.24287E+03 7.17141E-02 
4.24365E+03 4.78842E-02 
4.24443E+03 5.92091E-02 
4.24521E+03 5.72620E-02 
4.24599E+03 1.00521E-01 
4.24677E+03 8.67311E-02 
4.24755E+03 8.58609E-02 
4.24833E+03 6.93743E-02 
4.24911E+03 5.81266E-02 
4.24989E+03 6.54410E-02 
4.25067E+03 8.32898E-02 
4.25145E+03 6.30961E-02 
4.25223E+03 8.17740E-02 
4.25301E+03 1.07459E-01 
4.25379E+03 9.29439E-02 
4.25457E+03 6.66638E-02 
4.25535E+03 6.38562E-02 
4.25613E+03 6.85067E-02 
4.25691E+03 7.56039E-02 
4.25769E+03 9.80408E-02 
4.25847E+03 8.89370E-02 
4.25925E+03 8.65237E-02 
4.26003E+03 8.78789E-02 
4.26081E+03 8.06731E-02 
4.26159E+03 9.59999E-02 
4.26238E+03 8.25099E-02 
4.26316E+03 6.53511E-02 
4.26394E+03 8.16284E-02 
4.26472E+03 1.13225E-01 
4.26550E+03 3.30196E-01 
4.26628E+03 3.67282E-01 
4.26706E+03 2.17262E-01 
4.26784E+03 1.04295E-01 
4.26862E+03 6.46116E-02 
4.26940E+03 6.50453E-02 
4.27018E+03 6.66776E-02 
4.27096E+03 4.86702E-02 
4.27174E+03 4.98944E-02 
4.27252E+03 8.61655E-02 
4.27330E+03 8.60197E-02 
4.27408E+03 9.01857E-02 
4.27486E+03 1.29055E-01 
4.27564E+03 1.10510E-01 
4.27642E+03 8.82747E-02 
4.27720E+03 7.94649E-02 
4.27798E+03 8.95070E-02 
4.27876E+03 8.86206E-02 
4.27954E+03 7.21941E-02 
4.28032E+03 9.55523E-02 
4.28110E+03 8.83226E-02 
4.28188E+03 6.97183E-02 
4.28266E+03 8.04892E-02 
4.28344E+03 8.85614E-02 
4.28422E+03 8.12568E-02 
4.28500E+03 1.04654E-01 
4.28578E+03 9.50880E-02 
4.28656E+03 1.23037E-01 
4.28734E+03 9.63771E-02 
4.28812E+03 1.07333E-01 
4.28890E+03 7.30986E-02 
4.28968E+03 6.91598E-02 
4.29046E+03 8.51321E-02 
4.29124E+03 8.04402E-02 
4.29202E+03 9.43504E-02 
4.29280E+03 7.66887E-02 
4.29358E+03 9.74034E-02 
4.29436E+03 1.02998E-01 
4.29515E+03 7.98162E-02 
4.29593E+03 8.09662E-02 
4.29671E+03 5.46906E-02 
4.29749E+03 5.09953E-02 
4.29827E+03 5.51637E-02 
4.29905E+03 6.57928E-02 
4.29983E+03 6.71234E-02 
4.30061E+03 8.66691E-02 
4.30139E+03 7.99991E-02 
4.30217E+03 9.11623E-02 
4.30295E+03 1.19942E-01 
4.30373E+03 1.08914E-01 
4.30451E+03 9.29133E-02 
4.30529E+03 7.24661E-02 
4.30607E+03 5.84987E-02 
4.30685E+03 5.85214E-02 
4.30763E+03 1.03665E-01 
4.30841E+03 1.12100E-01 
4.30919E+03 9.76908E-02 
4.30997E+03 7.74469E-02 
4.31075E+03 8.44520E-02 
4.31153E+03 9.00470E-02 
4.31231E+03 7.83100E-02 
4.31309E+03 6.60116E-02 
4.31387E+03 7.27426E-02 
4.31465E+03 9.59083E-02 
4.31543E+03 1.28685E-01 
4.31621E+03 1.50568E-01 
4.31699E+03 1.31623E-01 
4.31777E+03 8.81345E-02 
4.31855E+03 9.59794E-02 
4.31933E+03 9.56434E-02 
4.32011E+03 8.96738E-02 
4.32089E+03 9.86454E-02 
4.32167E+03 9.59165E-02 
4.32245E+03 6.58918E-02 
4.32323E+03 8.41659E-02 
4.32401E+03 1.00207E-01 
4.32479E+03 1.14748E-01 
4.32557E+03 1.14637E-01 
4.32635E+03 8.25701E-02 
4.32713E+03 6.01972E-02 
4.32792E+03 8.55345E-02 
4.32869E+03 1.01465E-01 
4.32948E+03 8.90955E-02 
4.33026E+03 9.44144E-02 
4.33104E+03 1.14360E-01 
4.33182E+03 1.23360E-01 
4.33260E+03 1.03208E-01 
4.33338E+03 1.07807E-01 
4.33416E+03 1.07294E-01 
4.33494E+03 1.22522E-01 
4.33572E+03 1.45246E-01 
4.33650E+03 1.60983E-01 
4.33728E+03 4.59108E-01 
4.33806E+03 4.82196E+00 
4.33884E+03 1.65566E+01 
4.33962E+03 2.19525E+01 
4.34040E+03 1.16887E+01 
4.34118E+03 2.04003E+00 
4.34196E+03 2.80150E-01 
4.34274E+03 1.65453E-01 
4.34352E+03 1.74780E-01 
4.34430E+03 1.78136E-01 
4.34508E+03 1.43509E-01 
4.34586E+03 1.11645E-01 
4.34664E+03 1.13334E-01 
4.34742E+03 1.35879E-01 
4.34820E+03 1.54393E-01 
4.34898E+03 1.59606E-01 
4.34976E+03 1.18263E-01 
4.35054E+03 9.18720E-02 
4.35132E+03 6.80866E-02 
4.35210E+03 8.96578E-02 
4.35288E+03 9.16175E-02 
4.35366E+03 7.86392E-02 
4.35444E+03 7.55518E-02 
4.35522E+03 8.61304E-02 
4.35600E+03 9.55763E-02 
4.35678E+03 9.74987E-02 
4.35756E+03 1.07859E-01 
4.35834E+03 8.83444E-02 
4.35912E+03 6.28348E-02 
4.35990E+03 9.44351E-02 
4.36068E+03 2.01858E-01 
4.36146E+03 6.08463E-01 
4.36225E+03 9.37696E-01 
4.36303E+03 6.28467E-01 
4.36381E+03 1.86539E-01 
4.36459E+03 1.04172E-01 
4.36537E+03 1.04030E-01 
4.36615E+03 1.02200E-01 
4.36693E+03 9.57331E-02 
4.36771E+03 7.58604E-02 
4.36849E+03 5.96320E-02 
4.36927E+03 6.21963E-02 
4.37005E+03 7.85423E-02 
4.37083E+03 8.33797E-02 
4.37161E+03 8.16370E-02 
4.37239E+03 9.10024E-02 
4.37317E+03 7.87321E-02 
4.37395E+03 7.00782E-02 
4.37473E+03 7.83060E-02 
4.37551E+03 6.80771E-02 
4.37629E+03 6.54132E-02 
4.37707E+03 9.09962E-02 
4.37785E+03 1.19255E-01 
4.37863E+03 1.13284E-01 
4.37941E+03 9.88566E-02 
4.38019E+03 7.14732E-02 
4.38097E+03 7.19609E-02 
4.38175E+03 7.80456E-02 
4.38253E+03 8.84536E-02 
4.38331E+03 7.36816E-02 
4.38409E+03 9.64704E-02 
4.38487E+03 8.98270E-02 
4.38565E+03 1.53883E-01 
4.38643E+03 3.55780E-01 
4.38721E+03 3.96729E-01 
4.38799E+03 2.12139E-01 
4.38877E+03 8.63671E-02 
4.38955E+03 8.14106E-02 
4.39033E+03 1.11565E-01 
4.39111E+03 1.12218E-01 
4.39189E+03 9.42313E-02 
4.39267E+03 8.68576E-02 
4.39345E+03 8.89266E-02 
4.39423E+03 7.85672E-02 
4.39502E+03 6.79467E-02 
4.39580E+03 6.69886E-02 
4.39658E+03 6.67725E-02 
4.39736E+03 6.49186E-02 
4.39814E+03 7.60690E-02 
4.39892E+03 7.32574E-02 
4.39970E+03 6.21997E-02 
4.40048E+03 6.85724E-02 
4.40126E+03 7.74321E-02 
4.40204E+03 7.57213E-02 
4.40282E+03 9.43724E-02 
4.40360E+03 9.99679E-02 
4.40438E+03 7.63300E-02 
4.40516E+03 6.89523E-02 
4.40594E+03 6.04107E-02 
4.40672E+03 5.11399E-02 
4.40750E+03 6.52258E-02 
4.40828E+03 6.04394E-02 
4.40906E+03 6.72998E-02 
4.40984E+03 8.37349E-02 
4.41062E+03 7.72211E-02 
4.41140E+03 7.28303E-02 
4.41218E+03 7.15686E-02 
4.41296E+03 8.00369E-02 
4.41374E+03 9.13371E-02 
4.41452E+03 9.18652E-02 
4.41530E+03 1.01455E-01 
4.41608E+03 1.15424E-01 
4.41686E+03 9.37278E-02 
4.41764E+03 6.30646E-02 
4.41842E+03 5.58426E-02 
4.41920E+03 7.00540E-02 
4.41998E+03 6.94114E-02 
4.42076E+03 5.22057E-02 
4.42154E+03 4.15646E-03 
4.42232E+03 1.15783E-02 
4.42310E+03 -9.56197E-03 
4.42388E+03 -2.65030E-02 
4.42466E+03 1.57243E-03 
4.42544E+03 -1.56085E-02 
4.42622E+03 -1.25635E-02 
4.42700E+03 -7.24853E-03 
4.42778E+03 3.36233E-02 
