6.48932E+03 1.50238E-02 
6.49079E+03 -1.00942E-02 
6.49226E+03 2.30272E-03 
6.49373E+03 4.56930E-02 
6.49519E+03 4.06407E-02 
6.49666E+03 2.18080E-02 
6.49813E+03 1.26024E-02 
6.49960E+03 -1.24871E-02 
6.50107E+03 -1.64747E-02 
6.50254E+03 9.83586E-02 
6.50401E+03 9.88801E-02 
6.50548E+03 9.68026E-02 
6.50694E+03 6.91908E-02 
6.50841E+03 1.12979E-01 
6.50988E+03 1.08889E-01 
6.51135E+03 1.18738E-01 
6.51282E+03 1.01056E-01 
6.51429E+03 8.23419E-02 
6.51576E+03 1.27692E-01 
6.51722E+03 1.25115E-01 
6.51869E+03 1.01073E-01 
6.52016E+03 1.29790E-01 
6.52163E+03 1.10915E-01 
6.52310E+03 1.15362E-01 
6.52457E+03 1.22682E-01 
6.52604E+03 1.24264E-01 
6.52750E+03 1.45424E-01 
6.52897E+03 1.30798E-01 
6.53044E+03 1.32288E-01 
6.53191E+03 1.41528E-01 
6.53338E+03 1.60078E-01 
6.53485E+03 1.70511E-01 
6.53632E+03 1.58845E-01 
6.53779E+03 1.57475E-01 
6.53925E+03 1.75027E-01 
6.54072E+03 5.13686E-01 
6.54219E+03 2.92574E+00 
6.54366E+03 3.30487E+00 
6.54513E+03 8.87525E-01 
6.54660E+03 2.39604E-01 
6.54807E+03 2.25179E-01 
6.54953E+03 2.77224E-01 
6.55100E+03 2.93454E-01 
6.55247E+03 3.52714E-01 
6.55394E+03 7.82775E-01 
6.55541E+03 1.09530E+01 
6.55688E+03 8.17944E+01 
6.55835E+03 9.51730E+01 
6.55982E+03 2.15957E+01 
6.56128E+03 9.95000E-01 
6.56275E+03 3.80964E-01 
6.56422E+03 3.12655E-01 
6.56569E+03 2.61112E-01 
6.56716E+03 2.50032E-01 
6.56863E+03 2.38709E-01 
6.57010E+03 2.14780E-01 
6.57156E+03 2.46805E-01 
6.57303E+03 2.88459E-01 
6.57450E+03 2.85899E-01 
6.57597E+03 1.16849E+00 
6.57744E+03 7.96183E+00 
6.57891E+03 9.94176E+00 
6.58038E+03 2.83376E+00 
6.58184E+03 2.68007E-01 
6.58331E+03 1.68126E-01 
6.58478E+03 1.47464E-01 
6.58625E+03 1.54724E-01 
6.58772E+03 1.59291E-01 
6.58919E+03 9.93458E-02 
6.59066E+03 1.36398E-01 
6.59213E+03 1.05870E-01 
6.59359E+03 1.12041E-01 
6.59506E+03 1.20151E-01 
6.59653E+03 1.26728E-01 
6.59800E+03 1.15568E-01 
6.59947E+03 1.11464E-01 
6.60094E+03 1.08073E-01 
6.60241E+03 1.21581E-01 
6.60387E+03 1.02081E-01 
6.60534E+03 1.10279E-01 
6.60681E+03 1.16845E-01 
6.60828E+03 1.20422E-01 
6.60975E+03 1.07106E-01 
6.61122E+03 1.30502E-01 
6.61269E+03 1.20087E-01 
6.61416E+03 9.13550E-02 
6.61562E+03 8.14442E-02 
6.61709E+03 9.45348E-02 
6.61856E+03 8.33368E-02 
6.62003E+03 9.05568E-02 
6.62150E+03 9.75913E-02 
6.62297E+03 8.39711E-02 
6.62444E+03 9.63231E-02 
6.62590E+03 1.13220E-01 
6.62737E+03 6.82663E-02 
6.62884E+03 6.63212E-02 
6.63031E+03 1.00418E-01 
6.63178E+03 1.05316E-01 
6.63325E+03 5.54145E-02 
6.63472E+03 1.13809E-01 
6.63619E+03 1.09407E-01 
6.63765E+03 9.78077E-02 
6.63912E+03 1.04727E-01 
6.64059E+03 9.15640E-02 
6.64206E+03 1.18048E-01 
6.64353E+03 8.40127E-02 
6.64500E+03 9.02193E-02 
6.64647E+03 8.26472E-02 
6.64793E+03 7.22351E-02 
6.64940E+03 7.29591E-02 
6.65087E+03 1.07328E-01 
6.65234E+03 8.61667E-02 
6.65381E+03 9.29213E-02 
6.65528E+03 8.14374E-02 
6.65675E+03 7.60435E-02 
6.65821E+03 7.77418E-02 
6.65968E+03 8.35901E-02 
6.66115E+03 8.14042E-02 
6.66262E+03 8.42366E-02 
6.66409E+03 8.90911E-02 
6.66556E+03 9.44837E-02 
6.66703E+03 7.86504E-02 
6.66850E+03 7.96558E-02 
6.66996E+03 1.51468E-01 
6.67143E+03 7.12196E-01 
6.67290E+03 1.75746E+00 
6.67437E+03 1.14439E+00 
6.67584E+03 1.58450E-01 
6.67731E+03 9.43312E-02 
6.67878E+03 9.59578E-02 
6.68024E+03 8.08767E-02 
6.68171E+03 9.01461E-02 
6.68318E+03 7.61693E-02 
6.68465E+03 8.46839E-02 
6.68612E+03 8.33697E-02 
6.68759E+03 6.48278E-02 
6.68906E+03 5.12674E-02 
6.69052E+03 5.50246E-02 
6.69199E+03 7.18375E-02 
6.69346E+03 7.68416E-02 
6.69493E+03 7.97005E-02 
6.69640E+03 8.17003E-02 
6.69787E+03 7.34277E-02 
6.69934E+03 7.45156E-02 
6.70081E+03 9.17146E-02 
6.70227E+03 9.13880E-02 
6.70374E+03 7.59753E-02 
6.70521E+03 7.17014E-02 
6.70668E+03 8.41179E-02 
6.70815E+03 9.53568E-02 
6.70962E+03 2.76917E-01 
6.71109E+03 6.31687E-01 
6.71255E+03 4.89080E-01 
6.71402E+03 1.10654E-01 
6.71549E+03 9.10137E-02 
6.71696E+03 6.29267E-02 
6.71843E+03 5.78310E-02 
6.71990E+03 7.23325E-02 
6.72137E+03 6.93335E-02 
6.72284E+03 1.30396E-01 
6.72430E+03 5.80258E-01 
6.72577E+03 1.11830E+00 
6.72724E+03 6.21374E-01 
6.72871E+03 1.23357E-01 
6.73018E+03 9.09314E-02 
6.73165E+03 6.76829E-02 
6.73312E+03 6.96298E-02 
6.73458E+03 7.94964E-02 
6.73605E+03 8.59112E-02 
6.73752E+03 6.94387E-02 
6.73899E+03 9.26958E-02 
6.74046E+03 7.46328E-02 
6.74193E+03 8.92576E-02 
6.74340E+03 6.91138E-02 
6.74487E+03 7.83707E-02 
6.74633E+03 7.73461E-02 
6.74780E+03 6.52094E-02 
6.74927E+03 7.76613E-02 
6.75074E+03 7.85684E-02 
6.75221E+03 6.49501E-02 
6.75368E+03 8.18075E-02 
6.75515E+03 8.43152E-02 
6.75661E+03 9.19349E-02 
6.75808E+03 8.79053E-02 
6.75955E+03 9.60100E-02 
6.76102E+03 7.12583E-02 
6.76249E+03 5.90498E-02 
6.76396E+03 5.43132E-02 
6.76543E+03 7.74330E-02 
6.76690E+03 7.45353E-02 
6.76836E+03 7.45676E-02 
6.76983E+03 7.11714E-02 
6.77130E+03 6.79856E-02 
6.77277E+03 6.24251E-02 
6.77424E+03 7.12821E-02 
6.77571E+03 8.17529E-02 
6.77718E+03 9.35726E-02 
6.77864E+03 7.44236E-02 
6.78011E+03 7.80868E-02 
6.78158E+03 8.79985E-02 
6.78305E+03 8.72002E-02 
6.78452E+03 8.21859E-02 
6.78599E+03 6.80748E-02 
6.78746E+03 9.98639E-02 
6.78892E+03 9.72877E-02 
6.79039E+03 8.77122E-02 
6.79186E+03 8.77733E-02 
6.79333E+03 6.71820E-02 
6.79480E+03 7.13550E-02 
6.79627E+03 9.49074E-02 
6.79774E+03 5.79870E-02 
6.79921E+03 7.28745E-02 
6.80067E+03 9.81315E-02 
6.80214E+03 8.35601E-02 
6.80361E+03 5.97369E-02 
6.80508E+03 7.48674E-02 
6.80655E+03 8.22930E-02 
6.80802E+03 6.76335E-02 
6.80949E+03 5.56757E-02 
6.81095E+03 6.47226E-02 
6.81242E+03 5.78249E-02 
6.81389E+03 8.39967E-02 
6.81536E+03 7.59514E-02 
6.81683E+03 6.08565E-02 
6.81830E+03 8.06822E-02 
6.81977E+03 5.48511E-02 
6.82123E+03 5.92969E-02 
6.82270E+03 6.10658E-02 
6.82417E+03 6.75820E-02 
6.82564E+03 5.19586E-02 
6.82711E+03 8.71516E-02 
6.82858E+03 8.31361E-02 
6.83005E+03 6.38160E-02 
6.83152E+03 5.54524E-02 
6.83298E+03 3.76319E-02 
6.83445E+03 5.59999E-02 
6.83592E+03 7.63279E-02 
6.83739E+03 7.59630E-02 
6.83886E+03 6.64485E-02 
6.84033E+03 6.31691E-02 
6.84180E+03 6.35403E-02 
6.84326E+03 5.30576E-02 
6.84473E+03 7.18201E-02 
6.84620E+03 6.88458E-02 
6.84767E+03 7.70450E-02 
6.84914E+03 7.90372E-02 
6.85061E+03 8.10806E-02 
6.85208E+03 6.53194E-02 
6.85355E+03 6.22751E-02 
6.85501E+03 7.90120E-02 
6.85648E+03 6.89613E-02 
6.85795E+03 5.45079E-02 
6.85942E+03 5.61349E-02 
6.86089E+03 5.90049E-02 
6.86236E+03 3.75938E-02 
6.86383E+03 2.66322E-02 
6.86529E+03 7.33695E-02 
6.86676E+03 6.14212E-02 
6.86823E+03 5.92835E-02 
6.86970E+03 5.74427E-02 
6.87117E+03 5.46189E-02 
6.87264E+03 3.98732E-02 
6.87411E+03 6.77437E-02 
6.87557E+03 3.80113E-02 
6.87704E+03 8.57530E-02 
6.87851E+03 1.03743E-01 
6.87998E+03 6.10141E-02 
6.88145E+03 5.98317E-02 
6.88292E+03 5.56163E-02 
6.88439E+03 6.03766E-02 
6.88586E+03 5.24691E-02 
6.88732E+03 7.02015E-02 
6.88879E+03 6.50590E-02 
6.89026E+03 7.33652E-02 
6.89173E+03 7.31357E-02 
6.89320E+03 6.41725E-02 
6.89467E+03 4.70148E-02 
6.89614E+03 6.29100E-02 
6.89760E+03 6.72669E-02 
6.89907E+03 6.81638E-02 
6.90054E+03 4.46196E-02 
6.90201E+03 6.21844E-02 
6.90348E+03 7.53981E-02 
6.90495E+03 7.69132E-02 
6.90642E+03 7.06032E-02 
6.90789E+03 8.01784E-02 
6.90935E+03 5.74164E-02 
6.91082E+03 6.01865E-02 
6.91229E+03 7.22095E-02 
6.91376E+03 6.77820E-02 
6.91523E+03 7.85315E-02 
6.91670E+03 6.65088E-02 
6.91817E+03 5.99555E-02 
6.91963E+03 5.86769E-02 
6.92110E+03 7.71755E-02 
6.92257E+03 5.94883E-02 
6.92404E+03 6.22199E-02 
6.92551E+03 1.01847E-01 
6.92698E+03 7.57096E-02 
6.92845E+03 5.59175E-02 
6.92992E+03 8.02495E-02 
6.93138E+03 7.54937E-02 
6.93285E+03 6.99941E-02 
6.93432E+03 5.75025E-02 
6.93579E+03 5.65845E-02 
6.93726E+03 7.77413E-02 
6.93873E+03 5.29597E-02 
6.94020E+03 5.84308E-02 
6.94166E+03 8.78674E-02 
6.94313E+03 5.95471E-02 
6.94460E+03 6.86112E-02 
6.94607E+03 6.35803E-02 
6.94754E+03 4.63349E-02 
6.94901E+03 7.04040E-02 
6.95048E+03 5.63022E-02 
6.95194E+03 6.17118E-02 
6.95341E+03 6.19234E-02 
6.95488E+03 7.75176E-02 
6.95635E+03 5.48923E-02 
6.95782E+03 7.23655E-02 
6.95929E+03 6.47066E-02 
6.96076E+03 7.32122E-02 
6.96223E+03 6.72157E-02 
6.96369E+03 6.07371E-02 
6.96516E+03 7.56913E-02 
6.96663E+03 5.39129E-02 
6.96810E+03 5.26310E-02 
6.96957E+03 4.74094E-02 
6.97104E+03 5.59954E-02 
6.97251E+03 5.88102E-02 
6.97397E+03 3.84332E-02 
6.97544E+03 5.16575E-02 
6.97691E+03 6.25939E-02 
6.97838E+03 4.66076E-02 
6.97985E+03 7.31648E-02 
6.98132E+03 5.94201E-02 
6.98279E+03 5.96291E-02 
6.98425E+03 7.49716E-02 
6.98572E+03 6.72045E-02 
6.98719E+03 8.54831E-02 
6.98866E+03 6.11283E-02 
6.99013E+03 6.85058E-02 
6.99160E+03 8.50608E-02 
6.99307E+03 8.00019E-02 
6.99454E+03 6.43745E-02 
6.99600E+03 6.57910E-02 
6.99747E+03 8.27777E-02 
6.99894E+03 7.32278E-02 
7.00041E+03 6.91272E-02 
7.00188E+03 8.29508E-02 
7.00335E+03 5.19248E-02 
7.00482E+03 7.66152E-02 
7.00628E+03 7.97284E-02 
7.00775E+03 8.07263E-02 
7.00922E+03 7.33777E-02 
7.01069E+03 8.08877E-02 
7.01216E+03 7.36235E-02 
7.01363E+03 8.23571E-02 
7.01510E+03 6.67052E-02 
7.01657E+03 5.68563E-02 
7.01803E+03 4.97752E-02 
7.01950E+03 6.50744E-02 
7.02097E+03 7.24216E-02 
7.02244E+03 6.25754E-02 
7.02391E+03 7.18005E-02 
7.02538E+03 7.47527E-02 
7.02685E+03 7.58165E-02 
7.02831E+03 7.30586E-02 
7.02978E+03 8.69693E-02 
7.03125E+03 7.62517E-02 
7.03272E+03 6.23117E-02 
7.03419E+03 6.05407E-02 
7.03566E+03 7.95355E-02 
7.03713E+03 9.97252E-02 
7.03860E+03 8.31052E-02 
7.04006E+03 6.87922E-02 
7.04153E+03 6.36505E-02 
7.04300E+03 6.88810E-02 
7.04447E+03 8.06634E-02 
7.04594E+03 6.10650E-02 
7.04741E+03 5.79180E-02 
7.04888E+03 5.62288E-02 
7.05034E+03 7.47752E-02 
7.05181E+03 6.34586E-02 
7.05328E+03 5.15917E-02 
7.05475E+03 6.12364E-02 
7.05622E+03 8.74617E-02 
7.05769E+03 4.46169E-01 
7.05916E+03 1.61005E+00 
7.06062E+03 1.76711E+00 
7.06209E+03 6.94973E-01 
7.06356E+03 1.37455E-01 
7.06503E+03 8.96854E-02 
7.06650E+03 9.07231E-02 
7.06797E+03 9.34626E-02 
7.06944E+03 8.98433E-02 
7.07091E+03 7.13002E-02 
7.07237E+03 7.12738E-02 
7.07384E+03 7.01548E-02 
7.07531E+03 8.33358E-02 
7.07678E+03 9.70513E-02 
7.07825E+03 8.36253E-02 
7.07972E+03 8.23571E-02 
7.08119E+03 6.55468E-02 
7.08265E+03 8.51409E-02 
7.08412E+03 8.18973E-02 
7.08559E+03 6.30231E-02 
7.08706E+03 7.21014E-02 
7.08853E+03 7.33342E-02 
7.09000E+03 6.48107E-02 
7.09147E+03 5.91176E-02 
7.09294E+03 7.28806E-02 
7.09440E+03 6.34835E-02 
7.09587E+03 6.28204E-02 
7.09734E+03 6.79034E-02 
7.09881E+03 8.76038E-02 
7.10028E+03 8.77330E-02 
7.10175E+03 7.42768E-02 
7.10322E+03 8.63629E-02 
7.10468E+03 7.23718E-02 
7.10615E+03 7.47595E-02 
7.10762E+03 6.53964E-02 
7.10909E+03 8.19545E-02 
7.11056E+03 9.10794E-02 
7.11203E+03 7.88564E-02 
7.11350E+03 8.65877E-02 
7.11496E+03 7.53455E-02 
7.11643E+03 9.42601E-02 
7.11790E+03 8.55471E-02 
7.11937E+03 9.03847E-02 
7.12084E+03 8.42728E-02 
7.12231E+03 7.66557E-02 
7.12378E+03 6.97867E-02 
7.12525E+03 9.61992E-02 
7.12671E+03 1.42306E-01 
7.12818E+03 1.48342E+00 
7.12965E+03 5.08817E+00 
7.13112E+03 5.97253E+00 
7.13259E+03 2.42320E+00 
7.13406E+03 2.18558E-01 
7.13553E+03 1.06396E-01 
7.13699E+03 1.27349E-01 
7.13846E+03 1.13253E-01 
7.13993E+03 8.71823E-02 
7.14140E+03 9.83445E-02 
7.14287E+03 7.32802E-02 
7.14434E+03 8.49164E-02 
7.14581E+03 1.27757E-01 
7.14728E+03 1.13257E-01 
7.14874E+03 7.86069E-02 
7.15021E+03 9.26038E-02 
7.15168E+03 8.14052E-02 
7.15315E+03 7.56131E-02 
7.15462E+03 6.79547E-02 
7.15609E+03 7.20658E-02 
7.15756E+03 8.65058E-02 
7.15902E+03 8.58941E-02 
7.16049E+03 9.03952E-02 
7.16196E+03 8.46194E-02 
7.16343E+03 7.70519E-02 
7.16490E+03 9.19028E-02 
7.16637E+03 7.54965E-02 
7.16784E+03 6.93382E-02 
7.16931E+03 8.88264E-02 
7.17077E+03 7.98736E-02 
7.17224E+03 6.43830E-02 
7.17371E+03 6.41154E-02 
7.17518E+03 5.59631E-02 
7.17665E+03 6.81125E-02 
7.17812E+03 6.47517E-02 
7.17959E+03 5.97721E-02 
7.18105E+03 6.71962E-02 
7.18252E+03 8.07016E-02 
7.18399E+03 6.20308E-02 
7.18546E+03 5.68291E-02 
7.18693E+03 8.81936E-02 
7.18840E+03 7.61470E-02 
7.18987E+03 4.84160E-02 
7.19133E+03 5.95067E-02 
7.19280E+03 7.47015E-02 
7.19427E+03 8.13089E-02 
7.19574E+03 6.67781E-02 
7.19721E+03 7.51064E-02 
7.19868E+03 7.67797E-02 
7.20015E+03 7.17468E-02 
7.20162E+03 9.04974E-02 
7.20308E+03 8.89816E-02 
7.20455E+03 7.97453E-02 
7.20602E+03 6.21738E-02 
7.20749E+03 7.54885E-02 
7.20896E+03 8.29285E-02 
7.21043E+03 5.74037E-02 
7.21190E+03 5.56306E-02 
7.21336E+03 7.22424E-02 
7.21483E+03 6.81883E-02 
7.21630E+03 7.61876E-02 
7.21777E+03 6.22800E-02 
7.21924E+03 5.91201E-02 
7.22071E+03 8.73774E-02 
7.22218E+03 5.84107E-02 
7.22365E+03 7.57044E-02 
7.22511E+03 9.95239E-02 
7.22658E+03 1.29477E-01 
7.22805E+03 9.24885E-02 
7.22952E+03 8.62365E-02 
7.23099E+03 1.02270E-01 
7.23246E+03 1.32263E-01 
7.23393E+03 6.12111E-02 
7.23539E+03 6.45070E-02 
7.23686E+03 7.20206E-02 
7.23833E+03 7.62112E-02 
7.23980E+03 6.13071E-02 
7.24127E+03 7.69001E-02 
7.24274E+03 6.99355E-02 
7.24421E+03 8.62695E-02 
7.24567E+03 7.08106E-02 
7.24714E+03 7.80683E-02 
7.24861E+03 1.03181E-01 
7.25008E+03 7.99354E-02 
7.25155E+03 7.93513E-02 
7.25302E+03 7.72830E-02 
7.25449E+03 4.68264E-02 
7.25596E+03 8.86168E-02 
7.25742E+03 7.38673E-02 
7.25889E+03 6.02260E-02 
7.26036E+03 7.62372E-02 
7.26183E+03 8.39907E-02 
7.26330E+03 6.49588E-02 
7.26477E+03 7.92055E-02 
7.26624E+03 8.02209E-02 
7.26770E+03 7.41180E-02 
7.26917E+03 4.26004E-02 
7.27064E+03 3.94298E-02 
7.27211E+03 6.93555E-02 
7.27358E+03 8.38337E-02 
7.27505E+03 2.46658E-01 
7.27652E+03 3.20043E-01 
7.27798E+03 1.49824E-01 
7.27945E+03 6.36197E-02 
7.28092E+03 5.81868E-02 
7.28239E+03 6.23229E-02 
7.28386E+03 6.98483E-02 
7.28533E+03 5.12972E-02 
7.28680E+03 7.94788E-02 
7.28827E+03 6.61922E-02 
7.28973E+03 4.67568E-02 
7.29120E+03 7.27094E-02 
7.29267E+03 7.40089E-02 
7.29414E+03 9.36227E-02 
7.29561E+03 6.07850E-02 
7.29708E+03 7.94529E-02 
7.29855E+03 9.70826E-02 
7.30001E+03 8.01716E-02 
7.30148E+03 5.95181E-02 
7.30295E+03 8.43400E-02 
7.30442E+03 5.63966E-02 
7.30589E+03 6.69753E-02 
7.30736E+03 7.72057E-02 
7.30883E+03 5.27353E-02 
7.31030E+03 5.07376E-02 
7.31176E+03 9.26491E-02 
7.31323E+03 3.26538E-01 
7.31470E+03 4.92274E-01 
7.31617E+03 2.59552E-01 
7.31764E+03 1.03168E-01 
7.31911E+03 6.82197E-02 
7.32058E+03 6.58908E-02 
7.32204E+03 1.05694E-01 
7.32351E+03 2.99056E-01 
7.32498E+03 4.68608E-01 
7.32645E+03 2.89136E-01 
7.32792E+03 1.32577E-01 
7.32939E+03 8.68458E-02 
7.33086E+03 7.34021E-02 
7.33233E+03 8.06505E-02 
7.33379E+03 8.94897E-02 
7.33526E+03 9.73598E-02 
7.33673E+03 7.51389E-02 
7.33820E+03 7.77070E-02 
7.33967E+03 8.65768E-02 
7.34114E+03 6.32328E-02 
7.34261E+03 7.17243E-02 
7.34407E+03 4.37729E-02 
7.34554E+03 5.98823E-02 
7.34701E+03 8.06472E-02 
7.34848E+03 8.11075E-02 
7.34995E+03 9.43157E-02 
7.35142E+03 8.55577E-02 
7.35289E+03 6.45126E-02 
7.35435E+03 8.11814E-02 
7.35582E+03 5.00212E-02 
7.35729E+03 5.05907E-02 
7.35876E+03 8.83465E-02 
7.36023E+03 5.28091E-02 
7.36170E+03 6.85963E-02 
7.36317E+03 8.06615E-02 
7.36464E+03 8.52077E-02 
7.36610E+03 7.66521E-02 
7.36757E+03 4.98209E-02 
7.36904E+03 5.46822E-02 
7.37051E+03 6.16412E-02 
7.37198E+03 8.34332E-02 
7.37345E+03 8.54905E-02 
7.37492E+03 6.99180E-02 
7.37638E+03 8.95540E-02 
7.37785E+03 8.71935E-02 
7.37932E+03 5.84953E-02 
7.38079E+03 7.47924E-02 
7.38226E+03 6.57446E-02 
7.38373E+03 7.43834E-02 
7.38520E+03 7.53652E-02 
7.38667E+03 7.19482E-02 
7.38813E+03 6.35653E-02 
7.38960E+03 6.27296E-02 
7.39107E+03 4.60966E-02 
7.39254E+03 4.55937E-02 
7.39401E+03 4.41010E-02 
7.39548E+03 4.97516E-02 
7.39695E+03 4.93577E-02 
7.39841E+03 5.26942E-02 
7.39988E+03 8.73090E-02 
7.40135E+03 8.78445E-02 
7.40282E+03 6.10908E-02 
7.40429E+03 3.83726E-02 
7.40576E+03 6.56470E-02 
7.40723E+03 8.28336E-02 
7.40869E+03 6.60815E-02 
7.41016E+03 8.61649E-02 
7.41163E+03 1.06731E-01 
7.41310E+03 9.45781E-02 
7.41457E+03 1.03737E-01 
7.41604E+03 8.84677E-02 
7.41751E+03 8.31553E-02 
7.41898E+03 6.26647E-02 
7.42044E+03 9.05886E-02 
7.42191E+03 7.45589E-02 
7.42338E+03 8.15544E-02 
7.42485E+03 9.12446E-02 
7.42632E+03 8.14322E-02 
7.42779E+03 8.25276E-02 
7.42926E+03 9.43199E-02 
7.43072E+03 7.81449E-02 
7.43219E+03 7.04810E-02 
7.43366E+03 7.78511E-02 
7.43513E+03 7.71151E-02 
7.43660E+03 7.11394E-02 
7.43807E+03 8.76637E-02 
7.43954E+03 1.00634E-01 
7.44101E+03 9.69143E-02 
7.44247E+03 8.46167E-02 
7.44394E+03 6.26598E-02 
7.44541E+03 6.06296E-02 
7.44688E+03 6.93841E-02 
7.44835E+03 8.63213E-02 
7.44982E+03 9.31643E-02 
7.45129E+03 7.15380E-02 
7.45275E+03 5.96195E-02 
7.45422E+03 9.64773E-02 
7.45569E+03 7.24123E-02 
7.45716E+03 7.63028E-02 
7.45863E+03 6.63107E-02 
7.46010E+03 5.81584E-02 
7.46157E+03 8.15305E-02 
7.46304E+03 7.38685E-02 
7.46450E+03 9.37574E-02 
7.46597E+03 7.70002E-02 
7.46744E+03 9.26462E-02 
7.46891E+03 8.76475E-02 
7.47038E+03 8.37930E-02 
7.47185E+03 7.02123E-02 
7.47332E+03 7.15933E-02 
7.47478E+03 8.36040E-02 
7.47625E+03 6.46777E-02 
7.47772E+03 5.40534E-02 
7.47919E+03 6.63711E-02 
7.48066E+03 6.35067E-02 
7.48213E+03 5.82324E-02 
7.48360E+03 8.54230E-02 
7.48506E+03 8.51684E-02 
7.48653E+03 4.13710E-02 
7.48800E+03 6.28750E-02 
7.48947E+03 4.52532E-02 
7.49094E+03 6.96833E-02 
7.49241E+03 8.45618E-02 
7.49388E+03 1.20948E-01 
7.49535E+03 6.00457E-02 
7.49681E+03 8.96475E-02 
7.49828E+03 6.87677E-02 
7.49975E+03 7.84587E-02 
7.50122E+03 5.43657E-02 
7.50269E+03 1.01144E-01 
7.50416E+03 8.45062E-02 
7.50563E+03 5.93696E-02 
7.50709E+03 6.17036E-02 
7.50856E+03 8.39424E-02 
7.51003E+03 1.01500E-01 
7.51150E+03 9.69355E-02 
7.51297E+03 7.21845E-02 
7.51444E+03 7.21549E-02 
7.51591E+03 4.31807E-02 
7.51738E+03 6.51442E-02 
7.51884E+03 5.75848E-02 
7.52031E+03 7.16023E-02 
7.52178E+03 8.76551E-02 
7.52325E+03 9.70638E-02 
7.52472E+03 1.21275E-01 
7.52619E+03 1.15069E-01 
7.52766E+03 8.42704E-02 
7.52912E+03 6.02569E-02 
7.53059E+03 6.09785E-02 
7.53206E+03 8.65653E-02 
7.53353E+03 6.46951E-02 
7.53500E+03 7.11870E-02 
7.53647E+03 8.04209E-02 
7.53794E+03 7.34671E-02 
7.53940E+03 6.69201E-02 
7.54087E+03 5.82854E-02 
7.54234E+03 7.75517E-02 
7.54381E+03 7.77115E-02 
7.54528E+03 8.24488E-02 
7.54675E+03 8.26215E-02 
7.54822E+03 9.45862E-02 
7.54969E+03 7.93785E-02 
7.55115E+03 9.10966E-02 
7.55262E+03 6.27788E-02 
7.55409E+03 7.07825E-02 
7.55556E+03 6.58238E-02 
7.55703E+03 6.47031E-02 
7.55850E+03 6.81998E-02 
7.55997E+03 6.92522E-02 
7.56143E+03 7.67005E-02 
7.56290E+03 7.17727E-02 
7.56437E+03 7.13527E-02 
7.56584E+03 5.09931E-02 
7.56731E+03 6.95309E-02 
7.56878E+03 5.87804E-02 
7.57025E+03 6.15719E-02 
7.57171E+03 4.59360E-02 
7.57318E+03 7.12150E-02 
7.57465E+03 6.28163E-02 
7.57612E+03 8.47643E-02 
7.57759E+03 8.14051E-02 
7.57906E+03 9.58381E-02 
7.58053E+03 7.76510E-02 
7.58200E+03 8.10304E-02 
7.58346E+03 8.76942E-02 
7.58493E+03 5.86104E-02 
7.58640E+03 7.75773E-02 
7.58787E+03 9.40191E-02 
7.58934E+03 7.72428E-02 
7.59081E+03 6.15715E-02 
7.59228E+03 2.77946E-02 
7.59374E+03 3.31898E-02 
7.59521E+03 3.62817E-02 
7.59668E+03 3.95586E-02 
7.59815E+03 4.39895E-02 
7.59962E+03 3.02889E-02 
7.60109E+03 2.88617E-02 
7.60256E+03 1.31872E-02 
7.60403E+03 2.31956E-02 
7.60549E+03 1.20763E-02 
7.60696E+03 1.80889E-02 
7.60843E+03 3.58473E-02 
7.60990E+03 4.50563E-02 
7.61137E+03 4.59238E-02 
7.61284E+03 6.92136E-02 
7.61431E+03 6.90044E-02 
7.61577E+03 4.52644E-02 
7.61724E+03 5.61298E-02 
7.61871E+03 6.39529E-02 
7.62018E+03 3.29985E-02 
7.62165E+03 4.12527E-02 
7.62312E+03 2.82360E-02 
7.62459E+03 3.82379E-02 
7.62606E+03 5.36767E-02 
7.62752E+03 3.63077E-02 
7.62899E+03 1.05024E-02 
7.63046E+03 4.69981E-02 
7.63193E+03 4.52719E-02 
7.63340E+03 4.40518E-02 
7.63487E+03 5.28631E-02 
7.63634E+03 6.17546E-02 
7.63780E+03 5.17940E-02 
7.63927E+03 6.73192E-02 
7.64074E+03 4.88407E-02 
7.64221E+03 4.16231E-02 
7.64368E+03 6.78083E-02 
7.64515E+03 5.86318E-02 
7.64662E+03 6.50083E-02 
7.64808E+03 7.22356E-02 
7.64955E+03 3.64731E-02 
7.65102E+03 4.59616E-02 
7.65249E+03 6.31348E-02 
7.65396E+03 6.57039E-02 
7.65543E+03 4.79346E-02 
7.65690E+03 7.19465E-02 
7.65837E+03 6.87311E-02 
7.65983E+03 7.44942E-02 
7.66130E+03 7.21483E-02 
7.66277E+03 6.13809E-02 
7.66424E+03 7.54758E-02 
7.66571E+03 4.95079E-02 
7.66718E+03 6.32285E-02 
7.66865E+03 8.27967E-02 
7.67011E+03 5.10043E-02 
7.67158E+03 7.47906E-02 
7.67305E+03 7.51638E-02 
7.67452E+03 8.95817E-02 
7.67599E+03 6.70015E-02 
7.67746E+03 8.25168E-02 
7.67893E+03 7.53309E-02 
7.68040E+03 1.01420E-01 
7.68186E+03 8.89506E-02 
7.68333E+03 9.40596E-02 
7.68480E+03 8.76226E-02 
7.68627E+03 5.98674E-02 
7.68774E+03 9.91107E-02 
7.68921E+03 7.15349E-02 
7.69068E+03 7.74483E-02 
7.69214E+03 1.06287E-01 
7.69361E+03 8.28563E-02 
7.69508E+03 7.34020E-02 
7.69655E+03 7.95255E-02 
7.69802E+03 7.20568E-02 
7.69949E+03 4.68872E-02 
7.70096E+03 7.44922E-02 
7.70242E+03 8.48633E-02 
7.70389E+03 7.29490E-02 
7.70536E+03 7.70877E-02 
7.70683E+03 3.93622E-02 
7.70830E+03 8.82513E-02 
7.70977E+03 1.03904E-01 
7.71124E+03 8.22683E-02 
7.71271E+03 7.62523E-02 
7.71417E+03 9.45069E-02 
7.71564E+03 6.99434E-02 
7.71711E+03 6.51641E-02 
7.71858E+03 7.19999E-02 
7.72005E+03 6.01012E-02 
7.72152E+03 7.65762E-02 
7.72299E+03 9.33315E-02 
7.72445E+03 8.40933E-02 
7.72592E+03 7.85258E-02 
7.72739E+03 8.06707E-02 
7.72886E+03 7.61877E-02 
7.73033E+03 6.43705E-02 
7.73180E+03 6.20913E-02 
7.73327E+03 1.07985E-01 
7.73474E+03 1.01321E-01 
7.73620E+03 1.01472E-01 
7.73767E+03 8.89292E-02 
7.73914E+03 9.70878E-02 
7.74061E+03 6.08991E-02 
7.74208E+03 8.91364E-02 
7.74355E+03 3.83332E-01 
7.74502E+03 1.39589E+00 
7.74648E+03 1.44350E+00 
7.74795E+03 5.18404E-01 
7.74942E+03 1.37697E-01 
7.75089E+03 8.65870E-02 
7.75236E+03 8.34783E-02 
7.75383E+03 1.02342E-01 
7.75530E+03 8.48425E-02 
7.75677E+03 8.18734E-02 
7.75823E+03 9.92748E-02 
7.75970E+03 9.44370E-02 
7.76117E+03 8.00378E-02 
7.76264E+03 6.94799E-02 
7.76411E+03 5.66483E-02 
7.76558E+03 8.86811E-02 
7.76705E+03 9.36153E-02 
7.76851E+03 6.54263E-02 
7.76998E+03 6.96879E-02 
7.77145E+03 9.61052E-02 
7.77292E+03 8.20972E-02 
7.77439E+03 8.00934E-02 
7.77586E+03 8.87820E-02 
7.77733E+03 8.00965E-02 
7.77879E+03 6.54145E-02 
7.78026E+03 8.98774E-02 
7.78173E+03 1.02106E-01 
7.78320E+03 8.80980E-02 
7.78467E+03 6.29805E-02 
7.78614E+03 6.70988E-02 
7.78761E+03 6.32071E-02 
7.78908E+03 7.44110E-02 
7.79054E+03 9.26392E-02 
7.79201E+03 8.67220E-02 
7.79348E+03 7.95866E-02 
7.79495E+03 5.91296E-02 
7.79642E+03 6.32284E-02 
7.79789E+03 6.22059E-02 
7.79936E+03 9.28497E-02 
7.80082E+03 9.19789E-02 
7.80229E+03 8.63487E-02 
7.80376E+03 7.28550E-02 
7.80523E+03 9.89225E-02 
7.80670E+03 7.09453E-02 
7.80817E+03 6.98501E-02 
7.80964E+03 9.88463E-02 
7.81110E+03 1.26392E-01 
7.81257E+03 1.15845E-01 
7.81404E+03 9.73237E-02 
7.81551E+03 8.91786E-02 
7.81698E+03 7.16211E-02 
7.81845E+03 6.72069E-02 
7.81992E+03 6.73148E-02 
7.82139E+03 7.85358E-02 
7.82285E+03 8.22417E-02 
7.82432E+03 6.09097E-02 
7.82579E+03 6.30499E-02 
7.82726E+03 5.55589E-02 
7.82873E+03 7.02161E-02 
7.83020E+03 9.43221E-02 
7.83167E+03 7.29731E-02 
7.83313E+03 7.41075E-02 
7.83460E+03 8.18738E-02 
7.83607E+03 8.78597E-02 
7.83754E+03 5.94858E-02 
7.83901E+03 7.88601E-02 
7.84048E+03 7.80454E-02 
7.84195E+03 5.48789E-02 
7.84342E+03 5.28864E-02 
7.84488E+03 7.93903E-02 
7.84635E+03 7.22455E-02 
7.84782E+03 4.28601E-02 
7.84929E+03 8.13357E-02 
7.85076E+03 1.18732E-01 
7.85223E+03 8.48151E-02 
7.85370E+03 8.79664E-02 
7.85516E+03 6.81448E-02 
7.85663E+03 7.08278E-02 
7.85810E+03 1.04711E-01 
7.85957E+03 7.87546E-02 
7.86104E+03 6.78647E-02 
7.86251E+03 8.02729E-02 
7.86398E+03 6.44432E-02 
7.86544E+03 5.95222E-02 
7.86691E+03 9.20025E-02 
7.86838E+03 7.15601E-02 
7.86985E+03 7.91691E-02 
7.87132E+03 1.16201E-01 
7.87279E+03 9.56973E-02 
7.87426E+03 5.63149E-02 
7.87573E+03 8.26492E-02 
7.87719E+03 9.48860E-02 
7.87866E+03 8.43848E-02 
7.88013E+03 5.58508E-02 
7.88160E+03 8.65082E-02 
7.88307E+03 7.79835E-02 
7.88454E+03 6.09621E-02 
7.88601E+03 8.18560E-02 
7.88747E+03 7.96157E-02 
7.88894E+03 9.66551E-02 
7.89041E+03 6.90670E-02 
7.89188E+03 8.14228E-02 
7.89335E+03 9.50557E-02 
7.89482E+03 6.25544E-02 
7.89629E+03 4.05963E-02 
7.89776E+03 6.96485E-02 
7.89922E+03 6.63168E-02 
7.90069E+03 8.30742E-02 
7.90216E+03 7.28220E-02 
7.90363E+03 8.96614E-02 
7.90510E+03 6.99824E-02 
7.90657E+03 7.45297E-02 
7.90804E+03 9.46233E-02 
7.90950E+03 8.49040E-02 
7.91097E+03 9.63851E-02 
7.91244E+03 1.00835E-01 
7.91391E+03 7.58505E-02 
7.91538E+03 6.57954E-02 
7.91685E+03 6.15474E-02 
7.91832E+03 6.81980E-02 
7.91979E+03 6.20773E-02 
7.92125E+03 8.08712E-02 
7.92272E+03 1.04177E-01 
7.92419E+03 9.70759E-02 
7.92566E+03 9.66737E-02 
7.92713E+03 7.62113E-02 
7.92860E+03 6.12508E-02 
7.93007E+03 9.75275E-02 
7.93153E+03 9.54137E-02 
7.93300E+03 7.81570E-02 
7.93447E+03 8.31474E-02 
7.93594E+03 7.96052E-02 
7.93741E+03 5.01216E-02 
7.93888E+03 6.81024E-02 
7.94035E+03 1.01528E-01 
7.94181E+03 7.98446E-02 
7.94328E+03 7.37404E-02 
7.94475E+03 1.14435E-01 
7.94622E+03 6.79994E-02 
7.94769E+03 7.76894E-02 
7.94916E+03 7.35244E-02 
7.95063E+03 6.98422E-02 
7.95210E+03 5.22592E-02 
7.95356E+03 8.65588E-02 
7.95503E+03 9.41780E-02 
7.95650E+03 6.59847E-02 
7.95797E+03 4.92091E-02 
7.95944E+03 5.75086E-02 
7.96091E+03 5.96709E-02 
7.96238E+03 8.09359E-02 
7.96384E+03 1.07324E-01 
7.96531E+03 9.17883E-02 
7.96678E+03 7.66903E-02 
7.96825E+03 9.27732E-02 
7.96972E+03 1.18975E-01 
7.97119E+03 8.22225E-02 
7.97266E+03 7.78209E-02 
7.97412E+03 7.93619E-02 
7.97559E+03 9.16848E-02 
7.97706E+03 1.00201E-01 
7.97853E+03 8.20294E-02 
7.98000E+03 1.01691E-01 
7.98147E+03 7.83248E-02 
7.98294E+03 6.12208E-02 
7.98441E+03 3.91090E-02 
7.98587E+03 7.64560E-02 
7.98734E+03 8.02699E-02 
7.98881E+03 7.66259E-02 
7.99028E+03 7.82589E-02 
7.99175E+03 1.09808E-01 
7.99322E+03 6.30838E-02 
7.99469E+03 8.32615E-02 
7.99615E+03 1.07987E-01 
7.99762E+03 8.63131E-02 
7.99909E+03 9.35856E-02 
8.00056E+03 7.66264E-02 
8.00203E+03 9.52811E-02 
8.00350E+03 1.00206E-01 
8.00497E+03 8.63182E-02 
8.00644E+03 8.74955E-02 
8.00790E+03 1.18796E-01 
8.00937E+03 1.09952E-01 
8.01084E+03 4.77790E-02 
