6.48932E+03 3.88434E-04 
6.49079E+03 -1.04707E-04 
6.49226E+03 -2.27814E-04 
6.49373E+03 9.02699E-05 
6.49519E+03 2.58951E-04 
6.49666E+03 1.90932E-04 
6.49813E+03 4.05077E-04 
6.49960E+03 2.43521E-04 
6.50107E+03 1.57909E-03 
6.50254E+03 9.18837E-02 
6.50401E+03 9.80304E-02 
6.50548E+03 1.05536E-01 
6.50694E+03 1.03301E-01 
6.50841E+03 1.00669E-01 
6.50988E+03 1.01706E-01 
6.51135E+03 1.05446E-01 
6.51282E+03 1.05232E-01 
6.51429E+03 1.04927E-01 
6.51576E+03 1.08168E-01 
6.51722E+03 1.11769E-01 
6.51869E+03 1.12313E-01 
6.52016E+03 1.13697E-01 
6.52163E+03 1.17255E-01 
6.52310E+03 1.19396E-01 
6.52457E+03 1.21133E-01 
6.52604E+03 1.23150E-01 
6.52750E+03 1.29670E-01 
6.52897E+03 1.34336E-01 
6.53044E+03 1.35513E-01 
6.53191E+03 1.40919E-01 
6.53338E+03 1.47185E-01 
6.53485E+03 1.51577E-01 
6.53632E+03 1.54087E-01 
6.53779E+03 1.59570E-01 
6.53925E+03 1.75599E-01 
6.54072E+03 4.98127E-01 
6.54219E+03 2.97538E+00 
6.54366E+03 3.29150E+00 
6.54513E+03 1.11530E+00 
6.54660E+03 2.46411E-01 
6.54807E+03 2.35627E-01 
6.54953E+03 2.61208E-01 
6.55100E+03 2.95550E-01 
6.55247E+03 3.45065E-01 
6.55394E+03 6.26920E-01 
6.55541E+03 3.87360E+00 
6.55688E+03 1.04843E+01 
6.55835E+03 1.07963E+01 
6.55982E+03 4.68141E+00 
6.56128E+03 1.08787E+00 
6.56275E+03 3.90035E-01 
6.56422E+03 3.07450E-01 
6.56569E+03 2.72666E-01 
6.56716E+03 2.46642E-01 
6.56863E+03 2.25238E-01 
6.57010E+03 2.14979E-01 
6.57156E+03 2.44478E-01 
6.57303E+03 2.94387E-01 
6.57450E+03 2.90243E-01 
6.57597E+03 9.09413E-01 
6.57744E+03 3.89633E+00 
6.57891E+03 4.00400E+00 
6.58038E+03 3.20683E+00 
6.58184E+03 2.77154E-01 
6.58331E+03 1.73932E-01 
6.58478E+03 1.58560E-01 
6.58625E+03 1.49892E-01 
6.58772E+03 1.42959E-01 
6.58919E+03 1.37726E-01 
6.59066E+03 1.32525E-01 
6.59213E+03 1.28702E-01 
6.59359E+03 1.25779E-01 
6.59506E+03 1.23190E-01 
6.59653E+03 1.20266E-01 
6.59800E+03 1.17838E-01 
6.59947E+03 1.16583E-01 
6.60094E+03 1.13611E-01 
6.60241E+03 1.12631E-01 
6.60387E+03 1.10805E-01 
6.60534E+03 1.08957E-01 
6.60681E+03 1.06831E-01 
6.60828E+03 1.05163E-01 
6.60975E+03 1.03353E-01 
6.61122E+03 1.03707E-01 
6.61269E+03 1.01807E-01 
6.61416E+03 1.01531E-01 
6.61562E+03 1.00269E-01 
6.61709E+03 9.88163E-02 
6.61856E+03 9.66446E-02 
6.62003E+03 9.47878E-02 
6.62150E+03 9.43273E-02 
6.62297E+03 9.38329E-02 
6.62444E+03 9.25806E-02 
6.62590E+03 9.09563E-02 
6.62737E+03 8.96541E-02 
6.62884E+03 8.94976E-02 
6.63031E+03 8.84400E-02 
6.63178E+03 8.77889E-02 
6.63325E+03 8.69437E-02 
6.63472E+03 8.73482E-02 
6.63619E+03 8.71060E-02 
6.63765E+03 8.65006E-02 
6.63912E+03 8.48206E-02 
6.64059E+03 8.32163E-02 
6.64206E+03 8.28762E-02 
6.64353E+03 8.16760E-02 
6.64500E+03 8.07776E-02 
6.64647E+03 7.99814E-02 
6.64793E+03 8.08759E-02 
6.64940E+03 8.07725E-02 
6.65087E+03 7.81197E-02 
6.65234E+03 7.84036E-02 
6.65381E+03 7.73667E-02 
6.65528E+03 7.74420E-02 
6.65675E+03 7.74538E-02 
6.65821E+03 7.72220E-02 
6.65968E+03 7.69279E-02 
6.66115E+03 7.72863E-02 
6.66262E+03 7.81672E-02 
6.66409E+03 7.81216E-02 
6.66556E+03 7.80648E-02 
6.66703E+03 7.93763E-02 
6.66850E+03 8.09632E-02 
6.66996E+03 1.33951E-01 
6.67143E+03 6.44680E-01 
6.67290E+03 1.72563E+00 
6.67437E+03 1.21230E+00 
6.67584E+03 1.64392E-01 
6.67731E+03 8.11082E-02 
6.67878E+03 7.83015E-02 
6.68024E+03 7.68160E-02 
6.68171E+03 7.61797E-02 
6.68318E+03 7.52611E-02 
6.68465E+03 7.48787E-02 
6.68612E+03 7.40388E-02 
6.68759E+03 7.38677E-02 
6.68906E+03 7.32756E-02 
6.69052E+03 7.27274E-02 
6.69199E+03 7.31735E-02 
6.69346E+03 7.38488E-02 
6.69493E+03 7.50724E-02 
6.69640E+03 7.24831E-02 
6.69787E+03 7.30999E-02 
6.69934E+03 7.33314E-02 
6.70081E+03 7.30358E-02 
6.70227E+03 7.33700E-02 
6.70374E+03 7.36187E-02 
6.70521E+03 7.39221E-02 
6.70668E+03 7.33752E-02 
6.70815E+03 9.06104E-02 
6.70962E+03 2.61878E-01 
6.71109E+03 6.98077E-01 
6.71255E+03 5.56172E-01 
6.71402E+03 1.24400E-01 
6.71549E+03 7.66993E-02 
6.71696E+03 7.58073E-02 
6.71843E+03 7.53385E-02 
6.71990E+03 7.53259E-02 
6.72137E+03 7.68900E-02 
6.72284E+03 1.31483E-01 
6.72430E+03 5.94335E-01 
6.72577E+03 1.26384E+00 
6.72724E+03 7.59510E-01 
6.72871E+03 1.14608E-01 
6.73018E+03 7.74216E-02 
6.73165E+03 7.16957E-02 
6.73312E+03 7.10975E-02 
6.73458E+03 7.17668E-02 
6.73605E+03 7.15335E-02 
6.73752E+03 7.10264E-02 
6.73899E+03 7.19727E-02 
6.74046E+03 7.09652E-02 
6.74193E+03 7.00054E-02 
6.74340E+03 7.07862E-02 
6.74487E+03 6.89319E-02 
6.74633E+03 6.90128E-02 
6.74780E+03 6.85313E-02 
6.74927E+03 6.96103E-02 
6.75074E+03 6.97163E-02 
6.75221E+03 6.93998E-02 
6.75368E+03 6.87294E-02 
6.75515E+03 6.92661E-02 
6.75661E+03 6.91145E-02 
6.75808E+03 6.85857E-02 
6.75955E+03 6.78961E-02 
6.76102E+03 6.88435E-02 
6.76249E+03 6.83859E-02 
6.76396E+03 6.89365E-02 
6.76543E+03 6.84749E-02 
6.76690E+03 6.77300E-02 
6.76836E+03 6.72515E-02 
6.76983E+03 6.78657E-02 
6.77130E+03 6.76178E-02 
6.77277E+03 6.77174E-02 
6.77424E+03 6.96872E-02 
6.77571E+03 7.00699E-02 
6.77718E+03 6.80545E-02 
6.77864E+03 6.76436E-02 
6.78011E+03 6.85063E-02 
6.78158E+03 6.91895E-02 
6.78305E+03 6.74538E-02 
6.78452E+03 6.66094E-02 
6.78599E+03 6.86887E-02 
6.78746E+03 6.91205E-02 
6.78892E+03 6.85765E-02 
6.79039E+03 6.95777E-02 
6.79186E+03 6.76573E-02 
6.79333E+03 6.71723E-02 
6.79480E+03 6.71239E-02 
6.79627E+03 6.71608E-02 
6.79774E+03 6.83005E-02 
6.79921E+03 6.83923E-02 
6.80067E+03 6.93144E-02 
6.80214E+03 6.64172E-02 
6.80361E+03 6.68332E-02 
6.80508E+03 6.78685E-02 
6.80655E+03 6.68627E-02 
6.80802E+03 6.65919E-02 
6.80949E+03 6.59752E-02 
6.81095E+03 6.52524E-02 
6.81242E+03 6.60191E-02 
6.81389E+03 6.62668E-02 
6.81536E+03 6.60711E-02 
6.81683E+03 6.64863E-02 
6.81830E+03 6.53139E-02 
6.81977E+03 6.52420E-02 
6.82123E+03 6.77909E-02 
6.82270E+03 6.87690E-02 
6.82417E+03 6.66154E-02 
6.82564E+03 6.53657E-02 
6.82711E+03 6.51820E-02 
6.82858E+03 6.40207E-02 
6.83005E+03 6.59671E-02 
6.83152E+03 6.57482E-02 
6.83298E+03 6.45746E-02 
6.83445E+03 6.50396E-02 
6.83592E+03 6.46822E-02 
6.83739E+03 6.45358E-02 
6.83886E+03 6.50250E-02 
6.84033E+03 6.43822E-02 
6.84180E+03 6.49347E-02 
6.84326E+03 6.50668E-02 
6.84473E+03 6.53151E-02 
6.84620E+03 6.38829E-02 
6.84767E+03 6.39952E-02 
6.84914E+03 6.56405E-02 
6.85061E+03 6.62561E-02 
6.85208E+03 6.61542E-02 
6.85355E+03 6.49859E-02 
6.85501E+03 6.46845E-02 
6.85648E+03 6.39229E-02 
6.85795E+03 6.26866E-02 
6.85942E+03 6.42599E-02 
6.86089E+03 6.35233E-02 
6.86236E+03 5.97004E-02 
6.86383E+03 4.90250E-02 
6.86529E+03 4.09838E-02 
6.86676E+03 4.43697E-02 
6.86823E+03 4.61419E-02 
6.86970E+03 4.83332E-02 
6.87117E+03 5.04335E-02 
6.87264E+03 5.18033E-02 
6.87411E+03 5.34042E-02 
6.87557E+03 5.68050E-02 
6.87704E+03 6.07695E-02 
6.87851E+03 6.45945E-02 
6.87998E+03 6.15546E-02 
6.88145E+03 5.74256E-02 
6.88292E+03 5.49646E-02 
6.88439E+03 5.78631E-02 
6.88586E+03 5.70040E-02 
6.88732E+03 5.81336E-02 
6.88879E+03 6.01064E-02 
6.89026E+03 6.60281E-02 
6.89173E+03 6.48980E-02 
6.89320E+03 5.50524E-02 
6.89467E+03 5.83183E-02 
6.89614E+03 5.66557E-02 
6.89760E+03 5.61413E-02 
6.89907E+03 6.06236E-02 
6.90054E+03 6.13958E-02 
6.90201E+03 6.66281E-02 
6.90348E+03 6.64856E-02 
6.90495E+03 6.29794E-02 
6.90642E+03 6.33918E-02 
6.90789E+03 6.21557E-02 
6.90935E+03 6.16038E-02 
6.91082E+03 6.09309E-02 
6.91229E+03 6.18833E-02 
6.91376E+03 6.07530E-02 
6.91523E+03 5.90312E-02 
6.91670E+03 6.15694E-02 
6.91817E+03 6.24363E-02 
6.91963E+03 6.05163E-02 
6.92110E+03 6.17182E-02 
6.92257E+03 6.36230E-02 
6.92404E+03 6.24683E-02 
6.92551E+03 6.03965E-02 
6.92698E+03 6.13465E-02 
6.92845E+03 6.54268E-02 
6.92992E+03 6.38880E-02 
6.93138E+03 6.20080E-02 
6.93285E+03 6.17011E-02 
6.93432E+03 6.16452E-02 
6.93579E+03 6.05235E-02 
6.93726E+03 5.96360E-02 
6.93873E+03 5.95799E-02 
6.94020E+03 6.19050E-02 
6.94166E+03 6.31590E-02 
6.94313E+03 6.23336E-02 
6.94460E+03 6.16479E-02 
6.94607E+03 6.22321E-02 
6.94754E+03 6.28721E-02 
6.94901E+03 6.28920E-02 
6.95048E+03 6.24032E-02 
6.95194E+03 6.12574E-02 
6.95341E+03 6.04073E-02 
6.95488E+03 6.13888E-02 
6.95635E+03 6.07283E-02 
6.95782E+03 6.13307E-02 
6.95929E+03 6.19925E-02 
6.96076E+03 6.23742E-02 
6.96223E+03 6.44385E-02 
6.96369E+03 6.43200E-02 
6.96516E+03 6.38532E-02 
6.96663E+03 6.33364E-02 
6.96810E+03 6.41693E-02 
6.96957E+03 6.40465E-02 
6.97104E+03 6.45685E-02 
6.97251E+03 6.37713E-02 
6.97397E+03 6.28281E-02 
6.97544E+03 6.37407E-02 
6.97691E+03 6.40029E-02 
6.97838E+03 6.38452E-02 
6.97985E+03 6.31131E-02 
6.98132E+03 6.26328E-02 
6.98279E+03 6.45770E-02 
6.98425E+03 6.58152E-02 
6.98572E+03 6.40101E-02 
6.98719E+03 6.32968E-02 
6.98866E+03 6.26694E-02 
6.99013E+03 6.32586E-02 
6.99160E+03 6.34885E-02 
6.99307E+03 6.35955E-02 
6.99454E+03 6.21019E-02 
6.99600E+03 6.32383E-02 
6.99747E+03 6.46455E-02 
6.99894E+03 6.42126E-02 
7.00041E+03 6.17248E-02 
7.00188E+03 6.11914E-02 
7.00335E+03 6.31746E-02 
7.00482E+03 6.37631E-02 
7.00628E+03 6.31227E-02 
7.00775E+03 6.32631E-02 
7.00922E+03 6.43195E-02 
7.01069E+03 6.41031E-02 
7.01216E+03 6.30257E-02 
7.01363E+03 6.26890E-02 
7.01510E+03 6.42408E-02 
7.01657E+03 6.44851E-02 
7.01803E+03 6.45858E-02 
7.01950E+03 6.42055E-02 
7.02097E+03 6.45877E-02 
7.02244E+03 6.35186E-02 
7.02391E+03 6.32073E-02 
7.02538E+03 6.53062E-02 
7.02685E+03 6.69055E-02 
7.02831E+03 6.67772E-02 
7.02978E+03 6.61368E-02 
7.03125E+03 6.72814E-02 
7.03272E+03 6.63849E-02 
7.03419E+03 6.45486E-02 
7.03566E+03 6.46059E-02 
7.03713E+03 6.50989E-02 
7.03860E+03 6.60802E-02 
7.04006E+03 6.68874E-02 
7.04153E+03 6.64812E-02 
7.04300E+03 6.68281E-02 
7.04447E+03 6.67965E-02 
7.04594E+03 6.91267E-02 
7.04741E+03 6.75587E-02 
7.04888E+03 6.70275E-02 
7.05034E+03 6.79157E-02 
7.05181E+03 6.88700E-02 
7.05328E+03 6.95750E-02 
7.05475E+03 7.15785E-02 
7.05622E+03 8.27752E-02 
7.05769E+03 3.86955E-01 
7.05916E+03 1.57379E+00 
7.06062E+03 1.82227E+00 
7.06209E+03 7.13753E-01 
7.06356E+03 1.23533E-01 
7.06503E+03 7.36607E-02 
7.06650E+03 7.16338E-02 
7.06797E+03 7.05701E-02 
7.06944E+03 7.01438E-02 
7.07091E+03 6.91635E-02 
7.07237E+03 6.93729E-02 
7.07384E+03 6.90845E-02 
7.07531E+03 6.90696E-02 
7.07678E+03 6.91978E-02 
7.07825E+03 6.85930E-02 
7.07972E+03 6.90099E-02 
7.08119E+03 6.92101E-02 
7.08265E+03 6.92221E-02 
7.08412E+03 6.90522E-02 
7.08559E+03 6.87511E-02 
7.08706E+03 6.87445E-02 
7.08853E+03 6.88383E-02 
7.09000E+03 6.85022E-02 
7.09147E+03 6.84654E-02 
7.09294E+03 6.96666E-02 
7.09440E+03 6.97124E-02 
7.09587E+03 7.02849E-02 
7.09734E+03 7.05035E-02 
7.09881E+03 7.10672E-02 
7.10028E+03 7.06143E-02 
7.10175E+03 7.20038E-02 
7.10322E+03 7.38552E-02 
7.10468E+03 7.52377E-02 
7.10615E+03 7.40851E-02 
7.10762E+03 7.29362E-02 
7.10909E+03 7.26188E-02 
7.11056E+03 7.44351E-02 
7.11203E+03 7.59278E-02 
7.11350E+03 7.53399E-02 
7.11496E+03 7.51740E-02 
7.11643E+03 7.57890E-02 
7.11790E+03 7.70816E-02 
7.11937E+03 7.74996E-02 
7.12084E+03 7.86472E-02 
7.12231E+03 7.99365E-02 
7.12378E+03 8.17042E-02 
7.12525E+03 8.58496E-02 
7.12671E+03 1.18018E-01 
7.12818E+03 1.34553E+00 
7.12965E+03 3.15166E+00 
7.13112E+03 3.57879E+00 
7.13259E+03 1.94452E+00 
7.13406E+03 2.12840E-01 
7.13553E+03 9.09377E-02 
7.13699E+03 8.34462E-02 
7.13846E+03 8.07622E-02 
7.13993E+03 7.92100E-02 
7.14140E+03 7.76333E-02 
7.14287E+03 7.60668E-02 
7.14434E+03 7.52946E-02 
7.14581E+03 7.51218E-02 
7.14728E+03 7.51481E-02 
7.14874E+03 7.65449E-02 
7.15021E+03 7.81652E-02 
7.15168E+03 7.62681E-02 
7.15315E+03 7.44840E-02 
7.15462E+03 7.77930E-02 
7.15609E+03 7.89313E-02 
7.15756E+03 7.35237E-02 
7.15902E+03 7.07372E-02 
7.16049E+03 6.97357E-02 
7.16196E+03 6.87797E-02 
7.16343E+03 6.76832E-02 
7.16490E+03 6.98563E-02 
7.16637E+03 7.01186E-02 
7.16784E+03 6.52114E-02 
7.16931E+03 6.07121E-02 
7.17077E+03 6.10676E-02 
7.17224E+03 6.19072E-02 
7.17371E+03 5.92967E-02 
7.17518E+03 6.26923E-02 
7.17665E+03 6.51920E-02 
7.17812E+03 6.30303E-02 
7.17959E+03 6.14408E-02 
7.18105E+03 5.77847E-02 
7.18252E+03 5.41182E-02 
7.18399E+03 5.64731E-02 
7.18546E+03 6.27523E-02 
7.18693E+03 6.25772E-02 
7.18840E+03 5.72019E-02 
7.18987E+03 5.61818E-02 
7.19133E+03 5.91877E-02 
7.19280E+03 6.17326E-02 
7.19427E+03 6.00442E-02 
7.19574E+03 5.89745E-02 
7.19721E+03 5.62202E-02 
7.19868E+03 5.83213E-02 
7.20015E+03 6.04384E-02 
7.20162E+03 5.93555E-02 
7.20308E+03 6.10093E-02 
7.20455E+03 6.43397E-02 
7.20602E+03 6.56356E-02 
7.20749E+03 6.66222E-02 
7.20896E+03 6.74270E-02 
7.21043E+03 6.83381E-02 
7.21190E+03 6.66239E-02 
7.21336E+03 6.55201E-02 
7.21483E+03 6.55776E-02 
7.21630E+03 6.75353E-02 
7.21777E+03 6.77910E-02 
7.21924E+03 6.43974E-02 
7.22071E+03 6.35623E-02 
7.22218E+03 6.55244E-02 
7.22365E+03 7.07219E-02 
7.22511E+03 9.62423E-02 
7.22658E+03 1.09108E-01 
7.22805E+03 7.99712E-02 
7.22952E+03 7.61506E-02 
7.23099E+03 1.14311E-01 
7.23246E+03 1.08883E-01 
7.23393E+03 7.20341E-02 
7.23539E+03 6.39194E-02 
7.23686E+03 5.87372E-02 
7.23833E+03 6.08224E-02 
7.23980E+03 5.92295E-02 
7.24127E+03 6.01095E-02 
7.24274E+03 6.22777E-02 
7.24421E+03 6.42060E-02 
7.24567E+03 6.46857E-02 
7.24714E+03 6.37415E-02 
7.24861E+03 5.84270E-02 
7.25008E+03 5.54777E-02 
7.25155E+03 6.33771E-02 
7.25302E+03 6.37458E-02 
7.25449E+03 6.07385E-02 
7.25596E+03 6.35361E-02 
7.25742E+03 6.69252E-02 
7.25889E+03 6.51474E-02 
7.26036E+03 5.84775E-02 
7.26183E+03 5.74583E-02 
7.26330E+03 6.30679E-02 
7.26477E+03 6.50816E-02 
7.26624E+03 6.37743E-02 
7.26770E+03 6.26540E-02 
7.26917E+03 6.04077E-02 
7.27064E+03 5.82865E-02 
7.27211E+03 5.94397E-02 
7.27358E+03 7.16409E-02 
7.27505E+03 2.39677E-01 
7.27652E+03 3.30093E-01 
7.27798E+03 1.46235E-01 
7.27945E+03 6.90600E-02 
7.28092E+03 6.87379E-02 
7.28239E+03 6.71720E-02 
7.28386E+03 6.24014E-02 
7.28533E+03 6.13237E-02 
7.28680E+03 5.97039E-02 
7.28827E+03 6.04756E-02 
7.28973E+03 6.37555E-02 
7.29120E+03 6.99500E-02 
7.29267E+03 7.70914E-02 
7.29414E+03 7.31197E-02 
7.29561E+03 6.42163E-02 
7.29708E+03 6.24316E-02 
7.29855E+03 6.07712E-02 
7.30001E+03 5.86839E-02 
7.30148E+03 6.20824E-02 
7.30295E+03 6.57585E-02 
7.30442E+03 6.37951E-02 
7.30589E+03 6.10250E-02 
7.30736E+03 6.16226E-02 
7.30883E+03 6.33511E-02 
7.31030E+03 6.37528E-02 
7.31176E+03 9.98429E-02 
7.31323E+03 3.36739E-01 
7.31470E+03 5.30172E-01 
7.31617E+03 3.06948E-01 
7.31764E+03 1.04701E-01 
7.31911E+03 7.02676E-02 
7.32058E+03 6.82914E-02 
7.32204E+03 9.53569E-02 
7.32351E+03 3.23119E-01 
7.32498E+03 5.22271E-01 
7.32645E+03 3.28049E-01 
7.32792E+03 1.17323E-01 
7.32939E+03 7.00260E-02 
7.33086E+03 6.57283E-02 
7.33233E+03 6.64685E-02 
7.33379E+03 6.89692E-02 
7.33526E+03 6.98101E-02 
7.33673E+03 6.62000E-02 
7.33820E+03 6.55606E-02 
7.33967E+03 6.89409E-02 
7.34114E+03 6.64422E-02 
7.34261E+03 6.62314E-02 
7.34407E+03 6.54226E-02 
7.34554E+03 6.46337E-02 
7.34701E+03 6.51429E-02 
7.34848E+03 6.63812E-02 
7.34995E+03 6.60884E-02 
7.35142E+03 6.56881E-02 
7.35289E+03 6.63230E-02 
7.35435E+03 6.51979E-02 
7.35582E+03 6.50652E-02 
7.35729E+03 6.62974E-02 
7.35876E+03 6.52726E-02 
7.36023E+03 6.51620E-02 
7.36170E+03 6.53235E-02 
7.36317E+03 6.67274E-02 
7.36464E+03 6.57963E-02 
7.36610E+03 6.29345E-02 
7.36757E+03 6.62401E-02 
7.36904E+03 6.61003E-02 
7.37051E+03 6.62160E-02 
7.37198E+03 6.82955E-02 
7.37345E+03 6.77576E-02 
7.37492E+03 6.61567E-02 
7.37638E+03 6.52698E-02 
7.37785E+03 6.49742E-02 
7.37932E+03 6.43322E-02 
7.38079E+03 6.50128E-02 
7.38226E+03 6.65199E-02 
7.38373E+03 6.68899E-02 
7.38520E+03 6.69958E-02 
7.38667E+03 6.63030E-02 
7.38813E+03 6.39575E-02 
7.38960E+03 6.55546E-02 
7.39107E+03 6.68388E-02 
7.39254E+03 6.54768E-02 
7.39401E+03 6.56562E-02 
7.39548E+03 6.60642E-02 
7.39695E+03 6.56805E-02 
7.39841E+03 6.44806E-02 
7.39988E+03 6.66910E-02 
7.40135E+03 6.63401E-02 
7.40282E+03 6.57437E-02 
7.40429E+03 6.63618E-02 
7.40576E+03 6.68334E-02 
7.40723E+03 6.63976E-02 
7.40869E+03 6.65184E-02 
7.41016E+03 6.68948E-02 
7.41163E+03 6.57267E-02 
7.41310E+03 6.57610E-02 
7.41457E+03 6.66119E-02 
7.41604E+03 6.66386E-02 
7.41751E+03 6.62267E-02 
7.41898E+03 6.61287E-02 
7.42044E+03 6.59759E-02 
7.42191E+03 6.53356E-02 
7.42338E+03 6.58579E-02 
7.42485E+03 6.59725E-02 
7.42632E+03 6.61376E-02 
7.42779E+03 6.66759E-02 
7.42926E+03 6.61783E-02 
7.43072E+03 6.67644E-02 
7.43219E+03 6.68448E-02 
7.43366E+03 6.62176E-02 
7.43513E+03 6.64261E-02 
7.43660E+03 6.57490E-02 
7.43807E+03 6.55781E-02 
7.43954E+03 6.57662E-02 
7.44101E+03 6.51985E-02 
7.44247E+03 6.61546E-02 
7.44394E+03 6.52048E-02 
7.44541E+03 6.65798E-02 
7.44688E+03 6.77033E-02 
7.44835E+03 6.73507E-02 
7.44982E+03 6.62617E-02 
7.45129E+03 6.64010E-02 
7.45275E+03 6.63325E-02 
7.45422E+03 6.61797E-02 
7.45569E+03 6.67380E-02 
7.45716E+03 6.64602E-02 
7.45863E+03 6.71810E-02 
7.46010E+03 6.66520E-02 
7.46157E+03 6.58561E-02 
7.46304E+03 6.71466E-02 
7.46450E+03 6.84168E-02 
7.46597E+03 6.67366E-02 
7.46744E+03 6.72537E-02 
7.46891E+03 6.62904E-02 
7.47038E+03 6.64997E-02 
7.47185E+03 6.69040E-02 
7.47332E+03 6.61173E-02 
7.47478E+03 6.61790E-02 
7.47625E+03 6.63425E-02 
7.47772E+03 6.61816E-02 
7.47919E+03 6.69044E-02 
7.48066E+03 6.69392E-02 
7.48213E+03 6.60151E-02 
7.48360E+03 6.53339E-02 
7.48506E+03 6.63719E-02 
7.48653E+03 6.57125E-02 
7.48800E+03 6.59215E-02 
7.48947E+03 6.56061E-02 
7.49094E+03 6.62282E-02 
7.49241E+03 6.83084E-02 
7.49388E+03 7.99300E-02 
7.49535E+03 8.15042E-02 
7.49681E+03 6.92338E-02 
7.49828E+03 6.86563E-02 
7.49975E+03 7.00830E-02 
7.50122E+03 6.86265E-02 
7.50269E+03 6.66113E-02 
7.50416E+03 6.79859E-02 
7.50563E+03 6.75733E-02 
7.50709E+03 6.60036E-02 
7.50856E+03 6.63666E-02 
7.51003E+03 6.67255E-02 
7.51150E+03 6.64427E-02 
7.51297E+03 6.74955E-02 
7.51444E+03 6.94097E-02 
7.51591E+03 6.78931E-02 
7.51738E+03 6.48694E-02 
7.51884E+03 6.58656E-02 
7.52031E+03 6.91350E-02 
7.52178E+03 6.78540E-02 
7.52325E+03 7.52557E-02 
7.52472E+03 1.04487E-01 
7.52619E+03 9.96012E-02 
7.52766E+03 7.13902E-02 
7.52912E+03 6.77151E-02 
7.53059E+03 6.72137E-02 
7.53206E+03 6.63340E-02 
7.53353E+03 6.60975E-02 
7.53500E+03 6.64726E-02 
7.53647E+03 6.62071E-02 
7.53794E+03 6.58684E-02 
7.53940E+03 6.51808E-02 
7.54087E+03 6.58154E-02 
7.54234E+03 6.71209E-02 
7.54381E+03 6.62744E-02 
7.54528E+03 6.67890E-02 
7.54675E+03 6.61674E-02 
7.54822E+03 6.59006E-02 
7.54969E+03 6.58536E-02 
7.55115E+03 6.59090E-02 
7.55262E+03 6.66842E-02 
7.55409E+03 6.58089E-02 
7.55556E+03 6.57062E-02 
7.55703E+03 6.60567E-02 
7.55850E+03 6.62317E-02 
7.55997E+03 6.57335E-02 
7.56143E+03 6.52815E-02 
7.56290E+03 6.61969E-02 
7.56437E+03 6.58035E-02 
7.56584E+03 6.59832E-02 
7.56731E+03 6.67634E-02 
7.56878E+03 6.77060E-02 
7.57025E+03 6.95432E-02 
7.57171E+03 6.77448E-02 
7.57318E+03 6.74546E-02 
7.57465E+03 6.61746E-02 
7.57612E+03 6.60474E-02 
7.57759E+03 6.62828E-02 
7.57906E+03 6.59706E-02 
7.58053E+03 6.61778E-02 
7.58200E+03 6.51578E-02 
7.58346E+03 6.59713E-02 
7.58493E+03 6.64910E-02 
7.58640E+03 6.52016E-02 
7.58787E+03 6.45659E-02 
7.58934E+03 5.66244E-02 
7.59081E+03 4.25614E-02 
7.59228E+03 3.11999E-02 
7.59374E+03 2.77724E-02 
7.59521E+03 2.48225E-02 
7.59668E+03 2.15800E-02 
7.59815E+03 1.87155E-02 
7.59962E+03 1.66453E-02 
7.60109E+03 1.56484E-02 
7.60256E+03 1.62289E-02 
7.60403E+03 1.77258E-02 
7.60549E+03 2.00427E-02 
7.60696E+03 2.26179E-02 
7.60843E+03 2.58254E-02 
7.60990E+03 2.99290E-02 
7.61137E+03 3.58472E-02 
7.61284E+03 4.47213E-02 
7.61431E+03 5.49025E-02 
7.61577E+03 5.62696E-02 
7.61724E+03 4.80275E-02 
7.61871E+03 4.04958E-02 
7.62018E+03 3.54275E-02 
7.62165E+03 3.46281E-02 
7.62312E+03 3.38858E-02 
7.62459E+03 3.14771E-02 
7.62606E+03 3.53657E-02 
7.62752E+03 3.34367E-02 
7.62899E+03 3.36095E-02 
7.63046E+03 3.85213E-02 
7.63193E+03 3.59906E-02 
7.63340E+03 3.74647E-02 
7.63487E+03 4.05941E-02 
7.63634E+03 3.56337E-02 
7.63780E+03 3.85134E-02 
7.63927E+03 4.46649E-02 
7.64074E+03 3.89179E-02 
7.64221E+03 4.03112E-02 
7.64368E+03 4.95051E-02 
7.64515E+03 4.53223E-02 
7.64662E+03 4.14999E-02 
7.64808E+03 5.09746E-02 
7.64955E+03 5.29616E-02 
7.65102E+03 4.62142E-02 
7.65249E+03 5.14378E-02 
7.65396E+03 5.88714E-02 
7.65543E+03 5.35962E-02 
7.65690E+03 5.01920E-02 
7.65837E+03 5.82116E-02 
7.65983E+03 6.17561E-02 
7.66130E+03 5.49370E-02 
7.66277E+03 5.55123E-02 
7.66424E+03 6.12098E-02 
7.66571E+03 6.15452E-02 
7.66718E+03 5.68915E-02 
7.66865E+03 5.71161E-02 
7.67011E+03 6.29395E-02 
7.67158E+03 6.29890E-02 
7.67305E+03 6.03627E-02 
7.67452E+03 6.02015E-02 
7.67599E+03 6.36281E-02 
7.67746E+03 6.48930E-02 
7.67893E+03 6.16995E-02 
7.68040E+03 6.20432E-02 
7.68186E+03 6.57185E-02 
7.68333E+03 6.63367E-02 
7.68480E+03 6.41921E-02 
7.68627E+03 6.25636E-02 
7.68774E+03 6.41815E-02 
7.68921E+03 6.60349E-02 
7.69068E+03 6.65196E-02 
7.69214E+03 6.55196E-02 
7.69361E+03 6.47364E-02 
7.69508E+03 6.67419E-02 
7.69655E+03 6.73193E-02 
7.69802E+03 6.74266E-02 
7.69949E+03 6.62634E-02 
7.70096E+03 6.64812E-02 
7.70242E+03 6.71838E-02 
7.70389E+03 6.81251E-02 
7.70536E+03 6.91433E-02 
7.70683E+03 6.58038E-02 
7.70830E+03 7.19001E-02 
7.70977E+03 7.18993E-02 
7.71124E+03 6.48075E-02 
7.71271E+03 7.09108E-02 
7.71417E+03 7.04470E-02 
7.71564E+03 6.69748E-02 
7.71711E+03 6.70346E-02 
7.71858E+03 6.82791E-02 
7.72005E+03 6.75673E-02 
7.72152E+03 6.88742E-02 
7.72299E+03 6.85937E-02 
7.72445E+03 6.81958E-02 
7.72592E+03 6.81077E-02 
7.72739E+03 6.76684E-02 
7.72886E+03 6.80754E-02 
7.73033E+03 6.74406E-02 
7.73180E+03 6.78100E-02 
7.73327E+03 6.80938E-02 
7.73474E+03 6.76220E-02 
7.73620E+03 6.83713E-02 
7.73767E+03 6.91202E-02 
7.73914E+03 6.89624E-02 
7.74061E+03 7.00221E-02 
7.74208E+03 7.57735E-02 
7.74355E+03 3.23428E-01 
7.74502E+03 1.43726E+00 
7.74648E+03 1.52594E+00 
7.74795E+03 5.00931E-01 
7.74942E+03 1.09381E-01 
7.75089E+03 7.31121E-02 
7.75236E+03 7.25106E-02 
7.75383E+03 7.01859E-02 
7.75530E+03 7.07090E-02 
7.75677E+03 6.82499E-02 
7.75823E+03 6.94233E-02 
7.75970E+03 6.95071E-02 
7.76117E+03 6.93227E-02 
7.76264E+03 6.83365E-02 
7.76411E+03 6.91729E-02 
7.76558E+03 7.12916E-02 
7.76705E+03 7.27140E-02 
7.76851E+03 7.28993E-02 
7.76998E+03 7.05498E-02 
7.77145E+03 6.92669E-02 
7.77292E+03 6.78416E-02 
7.77439E+03 6.73462E-02 
7.77586E+03 6.62928E-02 
7.77733E+03 6.67728E-02 
7.77879E+03 6.73166E-02 
7.78026E+03 6.62213E-02 
7.78173E+03 6.63482E-02 
7.78320E+03 6.66938E-02 
7.78467E+03 6.67405E-02 
7.78614E+03 6.64253E-02 
7.78761E+03 6.62698E-02 
7.78908E+03 6.65158E-02 
7.79054E+03 6.18699E-02 
7.79201E+03 6.96003E-02 
7.79348E+03 6.84459E-02 
7.79495E+03 6.72185E-02 
7.79642E+03 6.80083E-02 
7.79789E+03 6.73929E-02 
7.79936E+03 6.65336E-02 
7.80082E+03 6.66811E-02 
7.80229E+03 6.70660E-02 
7.80376E+03 6.57181E-02 
7.80523E+03 6.68868E-02 
7.80670E+03 6.99522E-02 
7.80817E+03 7.02874E-02 
7.80964E+03 8.12634E-02 
7.81110E+03 8.95028E-02 
7.81257E+03 7.95710E-02 
7.81404E+03 6.89358E-02 
7.81551E+03 6.90978E-02 
7.81698E+03 6.00503E-02 
7.81845E+03 6.68285E-02 
7.81992E+03 7.29063E-02 
7.82139E+03 6.74144E-02 
7.82285E+03 6.76619E-02 
7.82432E+03 6.74583E-02 
7.82579E+03 6.70841E-02 
7.82726E+03 6.62039E-02 
7.82873E+03 6.67067E-02 
7.83020E+03 6.64255E-02 
7.83167E+03 6.72217E-02 
7.83313E+03 6.66152E-02 
7.83460E+03 6.71248E-02 
7.83607E+03 6.55086E-02 
7.83754E+03 6.70406E-02 
7.83901E+03 6.72018E-02 
7.84048E+03 6.60459E-02 
7.84195E+03 6.58323E-02 
7.84342E+03 6.61007E-02 
7.84488E+03 6.53955E-02 
7.84635E+03 6.69882E-02 
7.84782E+03 6.34614E-02 
7.84929E+03 6.58322E-02 
7.85076E+03 7.14742E-02 
7.85223E+03 6.50147E-02 
7.85370E+03 6.56556E-02 
7.85516E+03 6.55976E-02 
7.85663E+03 6.73263E-02 
7.85810E+03 6.95908E-02 
7.85957E+03 6.62298E-02 
7.86104E+03 6.61620E-02 
7.86251E+03 6.46845E-02 
7.86398E+03 6.77312E-02 
7.86544E+03 6.56134E-02 
7.86691E+03 7.13311E-02 
7.86838E+03 7.28249E-02 
7.86985E+03 6.77256E-02 
7.87132E+03 6.96709E-02 
7.87279E+03 6.58912E-02 
7.87426E+03 6.64598E-02 
7.87573E+03 6.72557E-02 
7.87719E+03 6.65909E-02 
7.87866E+03 6.78142E-02 
7.88013E+03 6.62524E-02 
7.88160E+03 6.61941E-02 
7.88307E+03 6.58692E-02 
7.88454E+03 6.65347E-02 
7.88601E+03 7.05667E-02 
7.88747E+03 6.88866E-02 
7.88894E+03 6.48957E-02 
7.89041E+03 6.59179E-02 
7.89188E+03 6.56060E-02 
7.89335E+03 6.56067E-02 
7.89482E+03 6.68420E-02 
7.89629E+03 6.66086E-02 
7.89776E+03 6.54835E-02 
7.89922E+03 6.50948E-02 
7.90069E+03 6.73902E-02 
7.90216E+03 6.80547E-02 
7.90363E+03 6.68142E-02 
7.90510E+03 6.59665E-02 
7.90657E+03 6.52777E-02 
7.90804E+03 6.17502E-02 
7.90950E+03 5.78625E-02 
7.91097E+03 6.70429E-02 
7.91244E+03 6.83156E-02 
7.91391E+03 6.77827E-02 
7.91538E+03 6.53637E-02 
7.91685E+03 6.60096E-02 
7.91832E+03 6.76027E-02 
7.91979E+03 6.89535E-02 
7.92125E+03 6.70923E-02 
7.92272E+03 6.75738E-02 
7.92419E+03 6.70217E-02 
7.92566E+03 6.63514E-02 
7.92713E+03 6.65519E-02 
7.92860E+03 6.75999E-02 
7.93007E+03 7.01122E-02 
7.93153E+03 6.89549E-02 
7.93300E+03 6.87582E-02 
7.93447E+03 6.79704E-02 
7.93594E+03 6.75451E-02 
7.93741E+03 6.74962E-02 
7.93888E+03 6.85632E-02 
7.94035E+03 6.81583E-02 
7.94181E+03 6.74923E-02 
7.94328E+03 6.73866E-02 
7.94475E+03 6.61951E-02 
7.94622E+03 6.74972E-02 
7.94769E+03 6.97732E-02 
7.94916E+03 6.71275E-02 
7.95063E+03 6.72020E-02 
7.95210E+03 6.70472E-02 
7.95356E+03 6.69596E-02 
7.95503E+03 6.71492E-02 
7.95650E+03 6.79075E-02 
7.95797E+03 6.86522E-02 
7.95944E+03 6.77709E-02 
7.96091E+03 7.36264E-02 
7.96238E+03 7.35117E-02 
7.96384E+03 7.36731E-02 
7.96531E+03 6.90482E-02 
7.96678E+03 6.99216E-02 
7.96825E+03 6.92732E-02 
7.96972E+03 6.89056E-02 
7.97119E+03 6.87717E-02 
7.97266E+03 6.78047E-02 
7.97412E+03 6.91268E-02 
7.97559E+03 6.71892E-02 
7.97706E+03 6.99744E-02 
7.97853E+03 7.17846E-02 
7.98000E+03 6.86345E-02 
7.98147E+03 6.76535E-02 
7.98294E+03 6.79387E-02 
7.98441E+03 6.77872E-02 
7.98587E+03 6.83246E-02 
7.98734E+03 7.00985E-02 
7.98881E+03 5.34415E-02 
7.99028E+03 6.41011E-02 
7.99175E+03 7.67732E-02 
7.99322E+03 6.84689E-02 
7.99469E+03 6.90838E-02 
7.99615E+03 6.69893E-02 
7.99762E+03 6.64205E-02 
7.99909E+03 6.73510E-02 
8.00056E+03 6.71056E-02 
8.00203E+03 6.61983E-02 
8.00350E+03 6.57108E-02 
8.00497E+03 6.53050E-02 
8.00644E+03 6.69973E-02 
8.00790E+03 6.66801E-02 
8.00937E+03 6.33489E-02 
8.01084E+03 6.75140E-02 
