3.61166E+03 0.00000E+00 
3.61244E+03 -2.34591E-04 
3.61322E+03 2.51073E-03 
3.61400E+03 -5.46481E-04 
3.61478E+03 -1.46172E-03 
3.61556E+03 1.52908E-04 
3.61634E+03 -9.19758E-04 
3.61712E+03 -3.01069E-03 
3.61790E+03 1.05406E-02 
3.61868E+03 5.89489E-01 
3.61946E+03 6.24617E-01 
3.62024E+03 6.19387E-01 
3.62102E+03 6.19733E-01 
3.62180E+03 6.20798E-01 
3.62258E+03 6.07595E-01 
3.62336E+03 6.10433E-01 
3.62414E+03 6.08937E-01 
3.62492E+03 6.06812E-01 
3.62570E+03 6.06266E-01 
3.62648E+03 6.11560E-01 
3.62726E+03 6.04386E-01 
3.62804E+03 5.97112E-01 
3.62883E+03 6.01524E-01 
3.62961E+03 6.01081E-01 
3.63039E+03 6.09629E-01 
3.63117E+03 6.61769E-01 
3.63195E+03 9.01674E-01 
3.63273E+03 9.10946E-01 
3.63351E+03 6.74416E-01 
3.63429E+03 5.99170E-01 
3.63507E+03 5.99441E-01 
3.63585E+03 5.95335E-01 
3.63663E+03 5.97944E-01 
3.63741E+03 6.03371E-01 
3.63819E+03 5.99754E-01 
3.63897E+03 6.05615E-01 
3.63975E+03 5.90806E-01 
3.64053E+03 5.95729E-01 
3.64131E+03 6.00716E-01 
3.64209E+03 6.09273E-01 
3.64287E+03 5.95447E-01 
3.64365E+03 5.94978E-01 
3.64443E+03 5.95304E-01 
3.64521E+03 5.85199E-01 
3.64599E+03 5.76591E-01 
3.64677E+03 5.55363E-01 
3.64755E+03 5.45796E-01 
3.64833E+03 5.23793E-01 
3.64911E+03 5.07520E-01 
3.64989E+03 4.99104E-01 
3.65067E+03 4.82727E-01 
3.65145E+03 4.56629E-01 
3.65223E+03 4.33675E-01 
3.65301E+03 4.26311E-01 
3.65379E+03 4.25723E-01 
3.65457E+03 4.14493E-01 
3.65535E+03 4.09757E-01 
3.65613E+03 3.95683E-01 
3.65691E+03 3.91765E-01 
3.65769E+03 3.83022E-01 
3.65847E+03 3.74771E-01 
3.65925E+03 3.69848E-01 
3.66003E+03 3.72365E-01 
3.66081E+03 3.66492E-01 
3.66159E+03 3.64791E-01 
3.66238E+03 3.86240E-01 
3.66316E+03 3.47602E-01 
3.66394E+03 3.42132E-01 
3.66472E+03 3.29831E-01 
3.66550E+03 3.33219E-01 
3.66628E+03 3.28199E-01 
3.66706E+03 3.06236E-01 
3.66784E+03 3.58866E-01 
3.66862E+03 2.69533E-01 
3.66940E+03 3.41047E-01 
3.67018E+03 3.32494E-01 
3.67096E+03 2.24725E-01 
3.67174E+03 3.67948E-01 
3.67252E+03 3.33075E-01 
3.67330E+03 1.79226E-01 
3.67408E+03 3.26331E-01 
3.67486E+03 4.10807E-01 
3.67564E+03 2.17922E-01 
3.67642E+03 1.68772E-01 
3.67720E+03 3.88060E-01 
3.67798E+03 4.22520E-01 
3.67876E+03 1.95825E-01 
3.67954E+03 1.30482E-01 
3.68032E+03 2.96754E-01 
3.68110E+03 4.88386E-01 
3.68188E+03 3.16280E-01 
3.68266E+03 1.26721E-01 
3.68344E+03 1.23296E-01 
3.68422E+03 2.72946E-01 
3.68500E+03 5.49021E-01 
3.68578E+03 4.17227E-01 
3.68656E+03 1.48036E-01 
3.68734E+03 1.10670E-01 
3.68812E+03 1.18076E-01 
3.68890E+03 2.73153E-01 
3.68968E+03 6.16710E-01 
3.69046E+03 5.03925E-01 
3.69124E+03 1.73457E-01 
3.69202E+03 1.68804E-01 
3.69280E+03 1.85015E-01 
3.69358E+03 1.39125E-01 
3.69436E+03 2.26585E-01 
3.69515E+03 6.47025E-01 
3.69593E+03 6.59610E-01 
3.69671E+03 2.28850E-01 
3.69749E+03 1.17088E-01 
3.69827E+03 1.11038E-01 
3.69905E+03 1.08090E-01 
3.69983E+03 1.23285E-01 
3.70061E+03 1.90622E-01 
3.70139E+03 4.95094E-01 
3.70217E+03 9.43774E-01 
3.70295E+03 9.82458E-01 
3.70373E+03 6.43270E-01 
3.70451E+03 2.55421E-01 
3.70529E+03 1.88637E-01 
3.70607E+03 1.88424E-01 
3.70685E+03 1.28819E-01 
3.70763E+03 1.37979E-01 
3.70841E+03 1.45131E-01 
3.70919E+03 2.59919E-01 
3.70997E+03 8.60046E-01 
3.71075E+03 9.94085E-01 
3.71153E+03 4.40293E-01 
3.71231E+03 2.29858E-01 
3.71309E+03 2.00314E-01 
3.71387E+03 1.68820E-01 
3.71465E+03 1.33922E-01 
3.71543E+03 1.26964E-01 
3.71621E+03 1.26505E-01 
3.71699E+03 1.21305E-01 
3.71777E+03 1.15988E-01 
3.71855E+03 1.52663E-01 
3.71933E+03 5.87883E-01 
3.72011E+03 1.56206E+00 
3.72089E+03 1.26158E+00 
3.72167E+03 3.11626E-01 
3.72245E+03 1.82701E-01 
3.72323E+03 1.21009E+00 
3.72401E+03 7.14133E+00 
3.72479E+03 9.24906E+00 
3.72557E+03 3.13059E+00 
3.72635E+03 1.91695E+00 
3.72713E+03 4.56770E+00 
3.72791E+03 3.36469E+00 
3.72870E+03 5.45010E-01 
3.72948E+03 1.45045E-01 
3.73026E+03 1.30754E-01 
3.73104E+03 1.58140E-01 
3.73182E+03 4.69803E-01 
3.73260E+03 1.33641E+00 
3.73338E+03 1.18420E+00 
3.73416E+03 2.98823E-01 
3.73494E+03 1.15668E-01 
3.73572E+03 1.17138E-01 
3.73650E+03 1.16150E-01 
3.73728E+03 1.12048E-01 
3.73806E+03 1.15371E-01 
3.73884E+03 1.12956E-01 
3.73962E+03 1.02040E-01 
3.74040E+03 9.96143E-02 
3.74118E+03 1.02382E-01 
3.74196E+03 1.01512E-01 
3.74274E+03 1.05240E-01 
3.74352E+03 1.05678E-01 
3.74430E+03 1.12428E-01 
3.74508E+03 1.13757E-01 
3.74586E+03 1.09199E-01 
3.74664E+03 1.14068E-01 
3.74742E+03 3.40043E-01 
3.74820E+03 1.38363E+00 
3.74898E+03 1.67032E+00 
3.74976E+03 5.69227E-01 
3.75054E+03 1.25847E-01 
3.75132E+03 1.02155E-01 
3.75210E+03 1.13888E-01 
3.75288E+03 1.60099E-01 
3.75366E+03 1.67251E-01 
3.75444E+03 1.32974E-01 
3.75522E+03 1.32887E-01 
3.75600E+03 1.31247E-01 
3.75678E+03 1.09969E-01 
3.75756E+03 1.17030E-01 
3.75834E+03 1.42849E-01 
3.75912E+03 1.31103E-01 
3.75990E+03 1.01336E-01 
3.76068E+03 1.17334E-01 
3.76146E+03 1.19942E-01 
3.76225E+03 1.00460E-01 
3.76303E+03 9.84799E-02 
3.76381E+03 9.79137E-02 
3.76459E+03 1.11100E-01 
3.76537E+03 1.12176E-01 
3.76615E+03 1.04386E-01 
3.76693E+03 1.27308E-01 
3.76771E+03 1.93895E-01 
3.76849E+03 1.22680E+00 
3.76927E+03 2.08230E+00 
3.77005E+03 1.14017E+00 
3.77083E+03 1.77421E-01 
3.77161E+03 1.08339E-01 
3.77239E+03 1.24335E-01 
3.77317E+03 1.26292E-01 
3.77395E+03 1.12666E-01 
3.77473E+03 1.10407E-01 
3.77551E+03 1.22516E-01 
3.77629E+03 1.20576E-01 
3.77707E+03 1.01429E-01 
3.77785E+03 9.35384E-02 
3.77863E+03 9.16180E-02 
3.77941E+03 9.18078E-02 
3.78019E+03 9.08643E-02 
3.78097E+03 9.12400E-02 
3.78175E+03 9.16088E-02 
3.78253E+03 9.95780E-02 
3.78331E+03 1.17503E-01 
3.78409E+03 1.09057E-01 
3.78487E+03 9.62793E-02 
3.78565E+03 9.34265E-02 
3.78643E+03 9.26798E-02 
3.78721E+03 9.21113E-02 
3.78799E+03 9.24774E-02 
3.78877E+03 9.76429E-02 
3.78955E+03 1.09549E-01 
3.79033E+03 1.07501E-01 
3.79111E+03 9.65319E-02 
3.79189E+03 9.28517E-02 
3.79267E+03 9.69780E-02 
3.79345E+03 1.02839E-01 
3.79423E+03 1.06606E-01 
3.79501E+03 1.90935E-01 
3.79580E+03 1.34964E+00 
3.79658E+03 2.80816E+00 
3.79736E+03 1.63641E+00 
3.79814E+03 2.31081E-01 
3.79892E+03 1.00862E-01 
3.79970E+03 9.58708E-02 
3.80048E+03 9.41589E-02 
3.80126E+03 9.41046E-02 
3.80204E+03 9.24786E-02 
3.80282E+03 9.07779E-02 
3.80360E+03 1.05983E-01 
3.80438E+03 1.27589E-01 
3.80516E+03 1.20100E-01 
3.80594E+03 1.02818E-01 
3.80672E+03 9.47628E-02 
3.80750E+03 9.58456E-02 
3.80828E+03 9.71834E-02 
3.80906E+03 9.64283E-02 
3.80984E+03 9.90010E-02 
3.81062E+03 9.39063E-02 
3.81140E+03 9.51135E-02 
3.81218E+03 9.39249E-02 
3.81296E+03 9.46139E-02 
3.81374E+03 9.46541E-02 
3.81452E+03 9.52631E-02 
3.81530E+03 9.54636E-02 
3.81608E+03 9.79281E-02 
3.81686E+03 1.33194E-01 
3.81764E+03 5.44172E-01 
3.81842E+03 9.53789E-01 
3.81920E+03 5.16448E-01 
3.81998E+03 1.30139E-01 
3.82076E+03 9.95611E-02 
3.82154E+03 9.58702E-02 
3.82232E+03 1.00370E-01 
3.82310E+03 1.00141E-01 
3.82388E+03 9.70781E-02 
3.82466E+03 9.67075E-02 
3.82544E+03 9.93953E-02 
3.82622E+03 9.86207E-02 
3.82700E+03 1.00464E-01 
3.82778E+03 1.06412E-01 
3.82856E+03 1.15161E-01 
3.82935E+03 1.16005E-01 
3.83013E+03 1.22859E-01 
3.83091E+03 1.26411E-01 
3.83169E+03 1.40498E-01 
3.83247E+03 2.35086E-01 
3.83325E+03 1.55621E+00 
3.83403E+03 4.13574E+00 
3.83481E+03 2.96260E+00 
3.83559E+03 4.53356E-01 
3.83637E+03 1.40343E-01 
3.83715E+03 1.42372E-01 
3.83793E+03 1.21590E-01 
3.83871E+03 1.07062E-01 
3.83949E+03 1.02684E-01 
3.84027E+03 1.06538E-01 
3.84105E+03 1.11805E-01 
3.84183E+03 1.08069E-01 
3.84261E+03 1.04382E-01 
3.84339E+03 1.05045E-01 
3.84417E+03 1.04248E-01 
3.84495E+03 1.06360E-01 
3.84573E+03 1.10469E-01 
3.84651E+03 1.13653E-01 
3.84729E+03 1.11384E-01 
3.84807E+03 1.08608E-01 
3.84885E+03 1.09835E-01 
3.84963E+03 1.14970E-01 
3.85041E+03 1.11697E-01 
3.85119E+03 1.11362E-01 
3.85197E+03 1.10744E-01 
3.85275E+03 1.14175E-01 
3.85353E+03 1.18039E-01 
3.85431E+03 1.47246E-01 
3.85509E+03 1.59183E-01 
3.85587E+03 1.27214E-01 
3.85665E+03 1.15032E-01 
3.85743E+03 1.16835E-01 
3.85821E+03 1.16659E-01 
3.85899E+03 1.20680E-01 
3.85977E+03 1.23165E-01 
3.86055E+03 1.31319E-01 
3.86133E+03 1.55687E-01 
3.86212E+03 1.52721E-01 
3.86290E+03 1.46885E-01 
3.86368E+03 1.61677E-01 
3.86446E+03 1.74674E-01 
3.86524E+03 2.20506E-01 
3.86602E+03 1.14631E+00 
3.86680E+03 1.32440E+01 
3.86758E+03 2.16807E+01 
3.86836E+03 1.70660E+01 
3.86914E+03 1.57478E+00 
3.86992E+03 2.44886E-01 
3.87070E+03 2.34230E-01 
3.87148E+03 1.86184E-01 
3.87226E+03 1.32930E-01 
3.87304E+03 1.39828E-01 
3.87382E+03 1.24171E-01 
3.87460E+03 1.21601E-01 
3.87538E+03 1.25147E-01 
3.87616E+03 1.20281E-01 
3.87694E+03 1.17885E-01 
3.87772E+03 1.16010E-01 
3.87850E+03 1.13991E-01 
3.87928E+03 1.10541E-01 
3.88006E+03 1.14750E-01 
3.88084E+03 1.30168E-01 
3.88162E+03 1.30349E-01 
3.88240E+03 1.14215E-01 
3.88318E+03 1.11715E-01 
3.88396E+03 1.18709E-01 
3.88474E+03 1.21681E-01 
3.88552E+03 1.52322E-01 
3.88630E+03 8.89229E-01 
3.88708E+03 6.05506E+00 
3.88786E+03 9.98570E+00 
3.88864E+03 4.74720E+00 
3.88942E+03 4.93742E-01 
3.89020E+03 1.31942E-01 
3.89098E+03 1.20195E-01 
3.89176E+03 1.12909E-01 
3.89254E+03 1.04642E-01 
3.89332E+03 1.01141E-01 
3.89410E+03 9.90514E-02 
3.89489E+03 1.01901E-01 
3.89567E+03 1.34798E-01 
3.89645E+03 1.00369E-01 
3.89723E+03 9.68896E-02 
3.89801E+03 9.34516E-02 
3.89879E+03 9.57080E-02 
3.89957E+03 9.46821E-02 
3.90035E+03 9.08457E-02 
3.90113E+03 9.09618E-02 
3.90191E+03 9.05950E-02 
3.90269E+03 9.33939E-02 
3.90347E+03 9.29894E-02 
3.90425E+03 9.14067E-02 
3.90503E+03 8.88163E-02 
3.90581E+03 9.38056E-02 
3.90659E+03 9.82570E-02 
3.90737E+03 9.21487E-02 
3.90815E+03 8.97030E-02 
3.90893E+03 9.15487E-02 
3.90971E+03 9.41229E-02 
3.91049E+03 9.49439E-02 
3.91127E+03 9.56910E-02 
3.91205E+03 8.97585E-02 
3.91283E+03 8.93447E-02 
3.91361E+03 9.03099E-02 
3.91439E+03 8.81708E-02 
3.91517E+03 8.70846E-02 
3.91595E+03 9.02442E-02 
3.91673E+03 9.32359E-02 
3.91751E+03 1.08342E-01 
3.91829E+03 1.13481E-01 
3.91907E+03 1.25886E-01 
3.91985E+03 1.26371E-01 
3.92063E+03 1.00383E-01 
3.92141E+03 9.03986E-02 
3.92219E+03 8.97471E-02 
3.92297E+03 9.26297E-02 
3.92375E+03 9.45653E-02 
3.92453E+03 1.20153E-01 
3.92531E+03 1.74169E-01 
3.92609E+03 1.49963E-01 
3.92687E+03 9.76160E-02 
3.92765E+03 9.38618E-02 
3.92844E+03 8.96647E-02 
3.92922E+03 8.81207E-02 
3.93000E+03 8.64272E-02 
3.93078E+03 8.74832E-02 
3.93156E+03 8.92557E-02 
3.93234E+03 8.52726E-02 
3.93312E+03 7.79195E-02 
3.93390E+03 8.47630E-02 
3.93468E+03 9.26628E-02 
3.93546E+03 9.37927E-02 
3.93624E+03 8.89958E-02 
3.93702E+03 8.60198E-02 
3.93780E+03 8.85254E-02 
3.93858E+03 8.70727E-02 
3.93936E+03 8.76978E-02 
3.94014E+03 8.90591E-02 
3.94092E+03 9.18913E-02 
3.94170E+03 9.13466E-02 
3.94248E+03 8.79237E-02 
3.94326E+03 9.05133E-02 
3.94404E+03 9.15436E-02 
3.94482E+03 9.16122E-02 
3.94560E+03 8.86530E-02 
3.94638E+03 8.92059E-02 
3.94716E+03 9.18256E-02 
3.94794E+03 9.17953E-02 
3.94872E+03 8.93085E-02 
3.94950E+03 9.28148E-02 
3.95028E+03 9.12401E-02 
3.95106E+03 9.26912E-02 
3.95184E+03 9.46438E-02 
3.95262E+03 9.95755E-02 
3.95340E+03 1.05740E-01 
3.95418E+03 9.81172E-02 
3.95496E+03 9.60285E-02 
3.95574E+03 9.71786E-02 
3.95652E+03 9.90711E-02 
3.95730E+03 9.82189E-02 
3.95808E+03 9.89214E-02 
3.95886E+03 1.03101E-01 
3.95964E+03 1.02815E-01 
3.96042E+03 1.04251E-01 
3.96120E+03 1.08396E-01 
3.96199E+03 1.18760E-01 
3.96277E+03 3.07616E-01 
3.96355E+03 6.74656E-01 
3.96433E+03 5.48049E-01 
3.96511E+03 1.05619E+00 
3.96589E+03 6.81675E+00 
3.96667E+03 9.16799E+00 
3.96745E+03 3.28657E+00 
3.96823E+03 4.37445E+00 
3.96901E+03 9.11434E+00 
3.96979E+03 5.25848E+00 
3.97057E+03 5.65857E-01 
3.97135E+03 1.41400E-01 
3.97213E+03 1.35747E-01 
3.97291E+03 1.24936E-01 
3.97369E+03 1.08941E-01 
3.97447E+03 1.03865E-01 
3.97525E+03 1.02809E-01 
3.97603E+03 1.01711E-01 
3.97681E+03 9.99487E-02 
3.97759E+03 9.51041E-02 
3.97837E+03 9.75808E-02 
3.97915E+03 9.66335E-02 
3.97993E+03 9.41680E-02 
3.98071E+03 9.45326E-02 
3.98149E+03 9.82304E-02 
3.98227E+03 9.94807E-02 
3.98305E+03 9.63504E-02 
3.98383E+03 9.40934E-02 
3.98461E+03 9.70047E-02 
3.98539E+03 9.68474E-02 
3.98617E+03 9.29025E-02 
3.98695E+03 9.06699E-02 
3.98773E+03 8.90081E-02 
3.98851E+03 9.09118E-02 
3.98929E+03 8.84096E-02 
3.99007E+03 8.87432E-02 
3.99085E+03 8.76937E-02 
3.99163E+03 8.56628E-02 
3.99241E+03 8.72941E-02 
3.99319E+03 9.17161E-02 
3.99397E+03 1.01069E-01 
3.99475E+03 9.61453E-02 
3.99554E+03 8.58648E-02 
3.99632E+03 8.21649E-02 
3.99710E+03 8.68092E-02 
3.99788E+03 8.91175E-02 
3.99866E+03 8.23934E-02 
3.99944E+03 8.18407E-02 
4.00022E+03 8.27086E-02 
4.00100E+03 8.16465E-02 
4.00178E+03 8.34970E-02 
4.00256E+03 8.27741E-02 
4.00334E+03 8.16468E-02 
4.00412E+03 7.94101E-02 
4.00490E+03 7.93912E-02 
4.00568E+03 8.16021E-02 
4.00646E+03 8.21349E-02 
4.00724E+03 1.17808E-01 
4.00802E+03 1.98690E-01 
4.00880E+03 1.69088E-01 
4.00958E+03 9.13293E-02 
4.01036E+03 8.13044E-02 
4.01114E+03 7.75023E-02 
4.01192E+03 7.44353E-02 
4.01270E+03 7.74492E-02 
4.01348E+03 7.68896E-02 
4.01426E+03 7.59946E-02 
4.01504E+03 7.72518E-02 
4.01582E+03 7.67036E-02 
4.01660E+03 7.56570E-02 
4.01738E+03 7.24226E-02 
4.01816E+03 7.27593E-02 
4.01894E+03 7.58811E-02 
4.01972E+03 7.47476E-02 
4.02050E+03 7.42278E-02 
4.02128E+03 7.58084E-02 
4.02206E+03 8.32059E-02 
4.02284E+03 9.10914E-02 
4.02362E+03 1.31253E-01 
4.02440E+03 7.35931E-01 
4.02518E+03 1.46007E+00 
4.02596E+03 8.39643E-01 
4.02674E+03 1.53388E-01 
4.02752E+03 8.58927E-02 
4.02830E+03 7.85822E-02 
4.02909E+03 7.47939E-02 
4.02987E+03 7.39801E-02 
4.03065E+03 7.41814E-02 
4.03143E+03 7.88872E-02 
4.03221E+03 7.72701E-02 
4.03299E+03 7.96091E-02 
4.03377E+03 8.95134E-02 
4.03455E+03 8.79283E-02 
4.03533E+03 7.68304E-02 
4.03611E+03 7.48517E-02 
4.03689E+03 7.63128E-02 
4.03767E+03 7.53322E-02 
4.03845E+03 8.04386E-02 
4.03923E+03 8.20405E-02 
4.04001E+03 9.87538E-02 
4.04079E+03 9.62958E-02 
4.04157E+03 8.26013E-02 
4.04235E+03 8.79731E-02 
4.04313E+03 8.50198E-02 
4.04391E+03 7.96866E-02 
4.04469E+03 7.99183E-02 
4.04547E+03 8.17167E-02 
4.04625E+03 8.09717E-02 
4.04703E+03 7.97447E-02 
4.04781E+03 7.91215E-02 
4.04859E+03 7.61077E-02 
4.04937E+03 7.68188E-02 
4.05015E+03 7.45319E-02 
4.05093E+03 7.56269E-02 
4.05171E+03 7.44370E-02 
4.05249E+03 8.21150E-02 
4.05327E+03 7.94485E-02 
4.05405E+03 7.79744E-02 
4.05483E+03 7.70621E-02 
4.05561E+03 8.12144E-02 
4.05639E+03 8.47406E-02 
4.05717E+03 8.46267E-02 
4.05795E+03 8.02098E-02 
4.05873E+03 8.59483E-02 
4.05951E+03 9.00092E-02 
4.06029E+03 8.58995E-02 
4.06107E+03 8.29788E-02 
4.06185E+03 8.76581E-02 
4.06264E+03 8.35043E-02 
4.06342E+03 8.41846E-02 
4.06420E+03 8.20573E-02 
4.06498E+03 7.77649E-02 
4.06576E+03 8.62127E-02 
4.06654E+03 2.00030E-01 
4.06732E+03 5.21920E-01 
4.06810E+03 5.67037E-01 
4.06888E+03 3.29658E-01 
4.06966E+03 1.79278E-01 
4.07044E+03 1.75261E-01 
4.07122E+03 2.25728E-01 
4.07200E+03 1.51114E-01 
4.07278E+03 9.23320E-02 
4.07356E+03 1.05507E-01 
4.07434E+03 2.45350E-01 
4.07512E+03 3.74097E-01 
4.07590E+03 2.48212E-01 
4.07668E+03 1.11954E-01 
4.07746E+03 1.07870E-01 
4.07824E+03 1.06566E-01 
4.07902E+03 9.33076E-02 
4.07980E+03 8.64244E-02 
4.08058E+03 8.86029E-02 
4.08136E+03 8.77015E-02 
4.08214E+03 9.76360E-02 
4.08292E+03 1.12726E-01 
4.08370E+03 1.21193E-01 
4.08448E+03 1.18690E-01 
4.08526E+03 1.03647E-01 
4.08604E+03 1.10730E-01 
4.08682E+03 1.09615E-01 
4.08760E+03 1.38829E-01 
4.08838E+03 1.55753E-01 
4.08916E+03 1.16684E-01 
4.08994E+03 9.47019E-02 
4.09072E+03 9.76892E-02 
4.09150E+03 1.09234E-01 
4.09228E+03 1.13982E-01 
4.09306E+03 9.98372E-02 
4.09384E+03 1.04100E-01 
4.09462E+03 1.28089E-01 
4.09541E+03 2.58866E-01 
4.09619E+03 4.66168E-01 
4.09697E+03 3.58953E-01 
4.09775E+03 1.63245E-01 
4.09853E+03 1.59211E-01 
4.09931E+03 1.31105E+00 
4.10009E+03 9.95032E+00 
4.10087E+03 1.36370E+01 
4.10165E+03 5.97277E+00 
4.10243E+03 8.26030E-01 
4.10321E+03 2.42337E-01 
4.10399E+03 1.62462E-01 
4.10477E+03 1.27864E-01 
4.10555E+03 1.09071E-01 
4.10633E+03 1.09686E-01 
4.10711E+03 1.01814E-01 
4.10789E+03 9.78107E-02 
4.10867E+03 1.03559E-01 
4.10945E+03 1.24898E-01 
4.11023E+03 1.26223E-01 
4.11101E+03 1.04258E-01 
4.11179E+03 9.50158E-02 
4.11257E+03 8.97863E-02 
4.11335E+03 9.06685E-02 
4.11413E+03 9.26056E-02 
4.11491E+03 9.14319E-02 
4.11569E+03 8.88966E-02 
4.11647E+03 8.56567E-02 
4.11725E+03 1.05866E-01 
4.11803E+03 1.39706E-01 
4.11881E+03 1.82808E-01 
4.11959E+03 2.57159E-01 
4.12037E+03 2.21366E-01 
4.12115E+03 1.21402E-01 
4.12193E+03 8.86914E-02 
4.12271E+03 8.42713E-02 
4.12349E+03 8.69655E-02 
4.12427E+03 8.29718E-02 
4.12505E+03 8.28528E-02 
4.12583E+03 8.45466E-02 
4.12661E+03 8.55058E-02 
4.12739E+03 9.48170E-02 
4.12817E+03 9.78032E-02 
4.12896E+03 9.15113E-02 
4.12974E+03 9.07036E-02 
4.13052E+03 1.01430E-01 
4.13130E+03 1.32062E-01 
4.13208E+03 1.33782E-01 
4.13286E+03 9.63675E-02 
4.13364E+03 8.42008E-02 
4.13442E+03 8.36530E-02 
4.13520E+03 8.21858E-02 
4.13598E+03 8.34136E-02 
4.13676E+03 8.47108E-02 
4.13754E+03 8.12823E-02 
4.13832E+03 8.19965E-02 
4.13910E+03 8.47042E-02 
4.13988E+03 8.56934E-02 
4.14066E+03 8.67265E-02 
4.14144E+03 1.19269E-01 
4.14222E+03 2.70558E-01 
4.14300E+03 3.08859E-01 
4.14378E+03 1.59458E-01 
4.14456E+03 1.01153E-01 
4.14534E+03 9.78025E-02 
4.14612E+03 8.23930E-02 
4.14690E+03 7.82961E-02 
4.14768E+03 7.72739E-02 
4.14846E+03 7.58337E-02 
4.14924E+03 7.84509E-02 
4.15002E+03 7.91945E-02 
4.15080E+03 8.15127E-02 
4.15158E+03 1.22653E-01 
4.15236E+03 1.49176E-01 
4.15314E+03 1.06100E-01 
4.15392E+03 8.69823E-02 
4.15470E+03 1.03069E-01 
4.15548E+03 1.14724E-01 
4.15626E+03 9.13400E-02 
4.15704E+03 7.85124E-02 
4.15782E+03 7.67582E-02 
4.15860E+03 7.31759E-02 
4.15938E+03 7.46112E-02 
4.16016E+03 7.27543E-02 
4.16094E+03 7.61986E-02 
4.16173E+03 7.41612E-02 
4.16251E+03 7.30977E-02 
4.16329E+03 7.33880E-02 
4.16407E+03 7.54930E-02 
4.16485E+03 7.53615E-02 
4.16563E+03 7.44099E-02 
4.16641E+03 7.66817E-02 
4.16719E+03 9.47160E-02 
4.16797E+03 1.16496E-01 
4.16875E+03 9.62779E-02 
4.16953E+03 7.64370E-02 
4.17031E+03 7.71192E-02 
4.17109E+03 7.64979E-02 
4.17187E+03 7.32487E-02 
4.17265E+03 7.39796E-02 
4.17343E+03 7.24231E-02 
4.17421E+03 7.60570E-02 
4.17499E+03 8.23014E-02 
4.17577E+03 7.74794E-02 
4.17655E+03 7.42080E-02 
4.17733E+03 7.40840E-02 
4.17811E+03 7.33531E-02 
4.17889E+03 7.46450E-02 
4.17967E+03 7.36766E-02 
4.18045E+03 7.40649E-02 
4.18123E+03 6.99085E-02 
4.18201E+03 7.13718E-02 
4.18279E+03 7.08278E-02 
4.18357E+03 8.34528E-02 
4.18435E+03 9.55323E-02 
4.18513E+03 8.93900E-02 
4.18591E+03 7.84905E-02 
4.18669E+03 7.42975E-02 
4.18747E+03 7.62020E-02 
4.18825E+03 9.63107E-02 
4.18903E+03 1.01157E-01 
4.18981E+03 8.08043E-02 
4.19059E+03 7.38944E-02 
4.19137E+03 7.36751E-02 
4.19215E+03 7.26699E-02 
4.19293E+03 7.13071E-02 
4.19371E+03 7.34546E-02 
4.19449E+03 7.83163E-02 
4.19527E+03 7.74897E-02 
4.19606E+03 7.45333E-02 
4.19684E+03 7.20073E-02 
4.19762E+03 7.36233E-02 
4.19840E+03 8.08266E-02 
4.19918E+03 8.00366E-02 
4.19996E+03 7.59861E-02 
4.20074E+03 7.33721E-02 
4.20152E+03 7.62277E-02 
4.20230E+03 7.51736E-02 
4.20308E+03 7.35498E-02 
4.20386E+03 7.38534E-02 
4.20464E+03 7.10358E-02 
4.20542E+03 6.88958E-02 
4.20620E+03 7.11724E-02 
4.20698E+03 7.19292E-02 
4.20776E+03 7.15132E-02 
4.20854E+03 6.91371E-02 
4.20932E+03 7.22831E-02 
4.21010E+03 7.47308E-02 
4.21088E+03 6.95566E-02 
4.21166E+03 8.24464E-02 
4.21244E+03 7.40673E-02 
4.21322E+03 7.20703E-02 
4.21400E+03 7.43318E-02 
4.21478E+03 7.81487E-02 
4.21556E+03 8.00608E-02 
4.21634E+03 7.69471E-02 
4.21712E+03 7.32335E-02 
4.21790E+03 8.18895E-02 
4.21868E+03 9.19871E-02 
4.21946E+03 8.57108E-02 
4.22024E+03 8.05886E-02 
4.22102E+03 7.62481E-02 
4.22180E+03 7.41499E-02 
4.22258E+03 7.39070E-02 
4.22336E+03 7.60352E-02 
4.22414E+03 7.71817E-02 
4.22492E+03 7.42111E-02 
4.22570E+03 7.65983E-02 
4.22648E+03 7.77963E-02 
4.22726E+03 7.89980E-02 
4.22804E+03 7.37002E-02 
4.22883E+03 7.45116E-02 
4.22961E+03 7.99346E-02 
4.23039E+03 8.38412E-02 
4.23117E+03 8.17538E-02 
4.23195E+03 7.97184E-02 
4.23273E+03 8.09395E-02 
4.23351E+03 8.00237E-02 
4.23429E+03 7.71673E-02 
4.23507E+03 8.55130E-02 
4.23585E+03 9.56621E-02 
4.23663E+03 8.80552E-02 
4.23741E+03 7.88673E-02 
4.23819E+03 7.60634E-02 
4.23897E+03 8.02812E-02 
4.23975E+03 8.93491E-02 
4.24053E+03 1.01230E-01 
4.24131E+03 9.54912E-02 
4.24209E+03 8.14440E-02 
4.24287E+03 7.82146E-02 
4.24365E+03 7.72161E-02 
4.24443E+03 7.65925E-02 
4.24521E+03 7.65022E-02 
4.24599E+03 7.62140E-02 
4.24677E+03 7.34455E-02 
4.24755E+03 7.35923E-02 
4.24833E+03 7.36734E-02 
4.24911E+03 7.97276E-02 
4.24989E+03 8.14586E-02 
4.25067E+03 7.59425E-02 
4.25145E+03 7.88364E-02 
4.25223E+03 9.25295E-02 
4.25301E+03 9.60222E-02 
4.25379E+03 8.63673E-02 
4.25457E+03 7.77917E-02 
4.25535E+03 7.62398E-02 
4.25613E+03 7.97889E-02 
4.25691E+03 7.62648E-02 
4.25769E+03 7.53443E-02 
4.25847E+03 7.52513E-02 
4.25925E+03 7.40578E-02 
4.26003E+03 7.74996E-02 
4.26081E+03 7.58616E-02 
4.26159E+03 7.53193E-02 
4.26238E+03 7.35334E-02 
4.26316E+03 7.61656E-02 
4.26394E+03 7.81263E-02 
4.26472E+03 1.29473E-01 
4.26550E+03 3.15855E-01 
4.26628E+03 3.87293E-01 
4.26706E+03 2.19689E-01 
4.26784E+03 9.88200E-02 
4.26862E+03 7.67742E-02 
4.26940E+03 7.55385E-02 
4.27018E+03 7.39177E-02 
4.27096E+03 7.54923E-02 
4.27174E+03 7.87371E-02 
4.27252E+03 7.98073E-02 
4.27330E+03 8.66648E-02 
4.27408E+03 1.05303E-01 
4.27486E+03 1.17513E-01 
4.27564E+03 1.10336E-01 
4.27642E+03 1.01686E-01 
4.27720E+03 8.78535E-02 
4.27798E+03 7.89220E-02 
4.27876E+03 7.69183E-02 
4.27954E+03 7.74515E-02 
4.28032E+03 8.02312E-02 
4.28110E+03 8.28942E-02 
4.28188E+03 9.00135E-02 
4.28266E+03 9.17114E-02 
4.28344E+03 9.13004E-02 
4.28422E+03 9.30626E-02 
4.28500E+03 8.92361E-02 
4.28578E+03 8.17232E-02 
4.28656E+03 7.94461E-02 
4.28734E+03 8.14451E-02 
4.28812E+03 8.26276E-02 
4.28890E+03 8.41469E-02 
4.28968E+03 9.15741E-02 
4.29046E+03 9.60085E-02 
4.29124E+03 9.08394E-02 
4.29202E+03 8.58308E-02 
4.29280E+03 8.84901E-02 
4.29358E+03 9.61985E-02 
4.29436E+03 9.16442E-02 
4.29515E+03 8.30849E-02 
4.29593E+03 7.78216E-02 
4.29671E+03 7.77567E-02 
4.29749E+03 7.98187E-02 
4.29827E+03 7.98491E-02 
4.29905E+03 7.88551E-02 
4.29983E+03 7.81509E-02 
4.30061E+03 7.88567E-02 
4.30139E+03 8.81854E-02 
4.30217E+03 1.12811E-01 
4.30295E+03 1.19128E-01 
4.30373E+03 9.98435E-02 
4.30451E+03 8.39065E-02 
4.30529E+03 8.47180E-02 
4.30607E+03 8.57727E-02 
4.30685E+03 8.73217E-02 
4.30763E+03 8.61028E-02 
4.30841E+03 8.26876E-02 
4.30919E+03 7.99045E-02 
4.30997E+03 8.24097E-02 
4.31075E+03 8.67827E-02 
4.31153E+03 8.89969E-02 
4.31231E+03 8.86746E-02 
4.31309E+03 8.75790E-02 
4.31387E+03 9.05762E-02 
4.31465E+03 9.66276E-02 
4.31543E+03 1.20833E-01 
4.31621E+03 1.36705E-01 
4.31699E+03 1.19913E-01 
4.31777E+03 1.10486E-01 
4.31855E+03 1.13238E-01 
4.31933E+03 1.00618E-01 
4.32011E+03 8.87261E-02 
4.32089E+03 8.72977E-02 
4.32167E+03 8.87416E-02 
4.32245E+03 8.74382E-02 
4.32323E+03 8.95060E-02 
4.32401E+03 9.86505E-02 
4.32479E+03 1.05910E-01 
4.32557E+03 1.01134E-01 
4.32635E+03 9.34887E-02 
4.32713E+03 9.15466E-02 
4.32792E+03 9.37109E-02 
4.32869E+03 1.00293E-01 
4.32948E+03 1.01635E-01 
4.33026E+03 1.03074E-01 
4.33104E+03 1.06035E-01 
4.33182E+03 1.07997E-01 
4.33260E+03 1.05640E-01 
4.33338E+03 1.04572E-01 
4.33416E+03 1.05592E-01 
4.33494E+03 1.20300E-01 
4.33572E+03 1.46504E-01 
4.33650E+03 1.63377E-01 
4.33728E+03 5.43930E-01 
4.33806E+03 5.43969E+00 
4.33884E+03 1.23345E+01 
4.33962E+03 1.39706E+01 
4.34040E+03 8.52312E+00 
4.34118E+03 1.68419E+00 
4.34196E+03 2.20938E-01 
4.34274E+03 1.55993E-01 
4.34352E+03 1.66327E-01 
4.34430E+03 1.76421E-01 
4.34508E+03 1.52573E-01 
4.34586E+03 1.20518E-01 
4.34664E+03 1.12242E-01 
4.34742E+03 1.32603E-01 
4.34820E+03 1.63802E-01 
4.34898E+03 1.51392E-01 
4.34976E+03 1.14413E-01 
4.35054E+03 1.00728E-01 
4.35132E+03 9.62001E-02 
4.35210E+03 9.59471E-02 
4.35288E+03 9.59119E-02 
4.35366E+03 9.12042E-02 
4.35444E+03 8.78042E-02 
4.35522E+03 8.91144E-02 
4.35600E+03 9.06241E-02 
4.35678E+03 8.89187E-02 
4.35756E+03 8.66833E-02 
4.35834E+03 8.69790E-02 
4.35912E+03 8.67154E-02 
4.35990E+03 9.67570E-02 
4.36068E+03 2.42691E-01 
4.36146E+03 6.81544E-01 
4.36225E+03 9.59674E-01 
4.36303E+03 5.84458E-01 
4.36381E+03 1.65404E-01 
4.36459E+03 1.02555E-01 
4.36537E+03 1.26664E-01 
4.36615E+03 1.31541E-01 
4.36693E+03 1.01355E-01 
4.36771E+03 8.47023E-02 
4.36849E+03 8.35258E-02 
4.36927E+03 8.49361E-02 
4.37005E+03 8.74341E-02 
4.37083E+03 8.80476E-02 
4.37161E+03 8.49732E-02 
4.37239E+03 8.10329E-02 
4.37317E+03 7.88097E-02 
4.37395E+03 8.00871E-02 
4.37473E+03 8.00770E-02 
4.37551E+03 8.03387E-02 
4.37629E+03 8.49551E-02 
4.37707E+03 9.72226E-02 
4.37785E+03 1.09902E-01 
4.37863E+03 1.04876E-01 
4.37941E+03 8.64910E-02 
4.38019E+03 7.90137E-02 
4.38097E+03 7.80463E-02 
4.38175E+03 7.79770E-02 
4.38253E+03 8.02031E-02 
4.38331E+03 8.15498E-02 
4.38409E+03 8.19797E-02 
4.38487E+03 9.15169E-02 
4.38565E+03 1.80585E-01 
4.38643E+03 3.77663E-01 
4.38721E+03 4.15609E-01 
4.38799E+03 2.11363E-01 
4.38877E+03 9.01931E-02 
4.38955E+03 8.25750E-02 
4.39033E+03 9.47603E-02 
4.39111E+03 1.02687E-01 
4.39189E+03 8.95011E-02 
4.39267E+03 7.67272E-02 
4.39345E+03 7.60865E-02 
4.39423E+03 7.69681E-02 
4.39502E+03 7.48539E-02 
4.39580E+03 7.64525E-02 
4.39658E+03 8.05697E-02 
4.39736E+03 8.10455E-02 
4.39814E+03 7.73638E-02 
4.39892E+03 7.72364E-02 
4.39970E+03 7.69992E-02 
4.40048E+03 7.59244E-02 
4.40126E+03 7.36168E-02 
4.40204E+03 7.57212E-02 
4.40282E+03 7.47596E-02 
4.40360E+03 7.49199E-02 
4.40438E+03 7.71587E-02 
4.40516E+03 7.55851E-02 
4.40594E+03 7.40239E-02 
4.40672E+03 7.47733E-02 
4.40750E+03 8.65527E-02 
4.40828E+03 9.50044E-02 
4.40906E+03 8.74625E-02 
4.40984E+03 7.73555E-02 
4.41062E+03 7.76044E-02 
4.41140E+03 8.07791E-02 
4.41218E+03 8.60043E-02 
4.41296E+03 9.38102E-02 
4.41374E+03 1.02820E-01 
4.41452E+03 1.01802E-01 
4.41530E+03 1.05025E-01 
4.41608E+03 1.08494E-01 
4.41686E+03 8.90017E-02 
4.41764E+03 7.87983E-02 
4.41842E+03 7.47444E-02 
4.41920E+03 7.36942E-02 
4.41998E+03 7.31355E-02 
4.42076E+03 5.69938E-02 
4.42154E+03 -1.29214E-04 
4.42232E+03 4.27061E-04 
4.42310E+03 -1.42047E-04 
4.42388E+03 -1.14149E-03 
4.42466E+03 -8.07670E-04 
4.42544E+03 -4.22590E-04 
4.42622E+03 3.48058E-05 
4.42700E+03 2.32228E-04 
4.42778E+03 -3.73826E-04 
